"cosit","class","year","month","day","VehicleCount"
"000000001014","1","2019","3","19","665"
"000000001024","6","2019","3","19","1003"
"000000001043","6","2019","3","19","1388"
"000000001121","3","2019","3","19","464"
"000000001261","3","2019","3","19","944"
"000000001505","3","2019","3","19","13020"
"000000001602","2","2019","3","19","3635"
"000000001691","2","2019","3","19","5984"
"000000003181","2","2019","3","19","10909"
"000000010113","3","2019","3","19","3098"
"000000020022","6","2019","3","19","2017"
"000000020084","2","2019","3","19","10532"
"000000020111","6","2019","3","19","1423"
"000000020243","3","2019","3","19","1861"
"000000200713","3","2019","3","19","5011"
"000000200714","3","2019","3","19","1065"
"000000200716","2","2019","3","19","9404"
"000000001044","4","2019","3","19","719"
"000000001312","4","2019","3","19","141"
"000000001741","3","2019","3","19","572"
"000000200711","3","2019","3","19","482"
"000000201082","6","2019","3","19","728"
"000000001201","3","2019","3","19","1379"
"000000020241","5","2019","3","19","326"
"000000001035","4","2019","3","19","72"
"000000001801","3","2019","3","19","630"
"000000020184","7","2019","3","19","250"
"000000020257","4","2019","3","19","237"
"000000001054","5","2019","3","19","183"
"000000001871","3","2019","3","19","209"
"000000001812","4","2019","3","19","98"
"000000001243","1","2019","3","19","13"
"000000001058","7","2019","3","19","30"
"000000020563","7","2019","3","19","59"
"000000020064","1","2019","3","19","77"
"000000001851","6","2019","3","19","112"
"000000020811","7","2019","3","19","76"
"000000020034","1","2019","3","19","17"
"000000003173","1","2019","3","19","4"
"000000200715","0","2019","3","19","1"
"000000001036","2","2019","3","19","5554"
"000000001086","2","2019","3","19","9770"
"000000001502","3","2019","3","19","20268"
"000000001508","5","2019","3","19","5133"
"000000001531","3","2019","3","19","678"
"000000001542","6","2019","3","19","366"
"000000015011","2","2019","3","19","59990"
"000000020021","3","2019","3","19","5336"
"000000020087","4","2019","3","19","146"
"000000020211","3","2019","3","19","1074"
"000000020223","2","2019","3","19","16316"
"000000020523","4","2019","3","19","119"
"000000001101","5","2019","3","19","132"
"000000001255","4","2019","3","19","134"
"000000001524","6","2019","3","19","520"
"000000001531","6","2019","3","19","293"
"000000015001","1","2019","3","19","252"
"000000001521","6","2019","3","19","531"
"000000020062","7","2019","3","19","121"
"000000020075","4","2019","3","19","479"
"000000031021","3","2019","3","19","317"
"000000020092","5","2019","3","19","420"
"000000020254","4","2019","3","19","208"
"000000020018","1","2019","3","19","51"
"000000001715","6","2019","3","19","35"
"000000020621","5","2019","3","19","202"
"000000020085","7","2019","3","19","142"
"000000020073","4","2019","3","19","102"
"000000001692","7","2019","3","19","59"
"000000020182","1","2019","3","19","42"
"000000020172","1","2019","3","19","28"
"000000001714","1","2019","3","19","15"
"000000200720","0","2019","3","19","1"
"000000208001","0","2019","3","19","1"
"000000031031","0","2019","3","19","1"
"000000001013","2","2019","3","19","40472"
"000000001711","2","2019","3","19","18227"
"000000020032","2","2019","3","19","6888"
"000000020065","6","2019","3","19","1184"
"000000020202","2","2019","3","19","11386"
"000000020253","2","2019","3","19","10061"
"000000020511","6","2019","3","19","304"
"000000031041","2","2019","3","19","1887"
"000000020171","6","2019","3","19","103"
"000000020591","2","2019","3","19","2542"
"000000202103","6","2019","3","19","290"
"000000020153","3","2019","3","19","1062"
"000000020523","7","2019","3","19","96"
"000000020611","5","2019","3","19","230"
"000000001172","5","2019","3","19","155"
"000000020701","6","2019","3","19","42"
"000000001507","1","2019","3","19","217"
"000000031021","6","2019","3","19","168"
"000000020526","5","2019","3","19","194"
"000000020812","5","2019","3","19","88"
"000000001841","6","2019","3","19","107"
"000000020031","7","2019","3","19","77"
"000000001051","1","2019","3","19","14"
"000000020721","1","2019","3","19","8"
"000000001225","7","2019","3","19","39"
"000000001173","1","2019","3","19","28"
"000000001252","0","2019","3","19","1"
"000000001052","1","2019","3","19","58"
"000000001681","1","2019","3","19","6"
"000000020252","1","2019","3","19","26"
"000000020074","0","2019","3","19","10"
"000000001722","1","2019","3","19","9"
"000000020036","1","2019","3","19","3"
"000000020242","1","2019","3","19","5"
"000000001069","3","2019","3","19","1668"
"000000001072","4","2019","3","19","853"
"000000001503","5","2019","3","19","5470"
"000000001522","6","2019","3","19","380"
"000000003182","6","2019","3","19","569"
"000000003801","3","2019","3","19","1311"
"000000020074","6","2019","3","19","3260"
"000000020112","2","2019","3","19","45036"
"000000020119","4","2019","3","19","221"
"000000020243","2","2019","3","19","14545"
"000000031031","6","2019","3","19","3349"
"000000031061","3","2019","3","19","4732"
"000000200714","2","2019","3","19","16471"
"000000200719","3","2019","3","19","1919"
"000000200720","6","2019","3","19","1545"
"000000001032","4","2019","3","19","115"
"000000001121","2","2019","3","19","3335"
"000000001252","6","2019","3","19","632"
"000000001500","4","2019","3","19","798"
"000000001801","2","2019","3","19","4281"
"000000001871","2","2019","3","19","1036"
"000000020221","5","2019","3","19","200"
"000000200711","2","2019","3","19","2746"
"000000001631","4","2019","3","19","33"
"000000020522","5","2019","3","19","181"
"000000020224","5","2019","3","19","275"
"000000020044","4","2019","3","19","120"
"000000020251","6","2019","3","19","595"
"000000001169","3","2019","3","19","248"
"000000020521","4","2019","3","19","24"
"000000020205","1","2019","3","19","89"
"000000001102","7","2019","3","19","50"
"000000001622","4","2019","3","19","15"
"000000020671","7","2019","3","19","29"
"000000020152","0","2019","3","19","1"
"000000001191","0","2019","3","19","3"
"000000020257","0","2019","3","19","1"
"000000001114","6","2019","3","19","1193"
"000000001505","2","2019","3","19","104239"
"000000001741","2","2019","3","19","3474"
"000000015012","2","2019","3","19","40955"
"000000020011","3","2019","3","19","12107"
"000000020079","5","2019","3","19","885"
"000000020111","2","2019","3","19","61459"
"000000020201","2","2019","3","19","19649"
"000000001021","7","2019","3","19","107"
"000000001509","7","2019","3","19","462"
"000000001065","4","2019","3","19","158"
"000000001281","4","2019","3","19","81"
"000000208001","6","2019","3","19","322"
"000000001053","4","2019","3","19","20"
"000000001523","5","2019","3","19","154"
"000000001761","6","2019","3","19","321"
"000000001832","3","2019","3","19","82"
"000000020033","6","2019","3","19","89"
"000000020801","5","2019","3","19","269"
"000000020044","7","2019","3","19","149"
"000000001693","6","2019","3","19","112"
"000000001831","6","2019","3","19","52"
"000000001151","7","2019","3","19","61"
"000000001842","5","2019","3","19","120"
"000000001182","1","2019","3","19","82"
"000000001044","0","2019","3","19","7"
"000000020241","1","2019","3","19","31"
"000000001054","1","2019","3","19","19"
"000000001014","6","2019","3","19","5708"
"000000001015","2","2019","3","19","46358"
"000000001022","6","2019","3","19","1211"
"000000001071","3","2019","3","19","7518"
"000000001081","6","2019","3","19","1399"
"000000001251","2","2019","3","19","9114"
"000000015002","2","2019","3","19","48394"
"000000020034","6","2019","3","19","761"
"000000020064","6","2019","3","19","1138"
"000000020089","2","2019","3","19","8487"
"000000020701","2","2019","3","19","2044"
"000000020905","5","2019","3","19","376"
"000000200723","5","2019","3","19","6191"
"000000202103","2","2019","3","19","6112"
"000000001085","7","2019","3","19","165"
"000000001321","5","2019","3","19","970"
"000000001731","2","2019","3","19","2548"
"000000003173","6","2019","3","19","400"
"000000020094","5","2019","3","19","315"
"000000001524","2","2019","3","19","6151"
"000000001715","2","2019","3","19","5003"
"000000020045","5","2019","3","19","273"
"000000020906","5","2019","3","19","391"
"000000001023","4","2019","3","19","130"
"000000001671","3","2019","3","19","174"
"000000020186","5","2019","3","19","376"
"000000003807","2","2019","3","19","275"
"000000200716","7","2019","3","19","121"
"000000003803","1","2019","3","19","30"
"000000001131","1","2019","3","19","29"
"000000001602","7","2019","3","19","58"
"000000001611","5","2019","3","19","69"
"000000001161","1","2019","3","19","8"
"000000001591","5","2019","3","19","106"
"000000001042","1","2019","3","19","28"
"000000020254","0","2019","3","19","2"
"000000020523","0","2019","3","19","2"
"000000001624","4","2019","3","19","3"
"000000001055","6","2019","3","19","439"
"000000001071","6","2019","3","19","3774"
"000000001133","3","2019","3","19","1186"
"000000001221","6","2019","3","19","108"
"000000001243","6","2019","3","19","593"
"000000001401","5","2019","3","19","1349"
"000000001521","2","2019","3","19","5709"
"000000001841","2","2019","3","19","10890"
"000000020013","3","2019","3","19","5258"
"000000020046","2","2019","3","19","5336"
"000000020065","2","2019","3","19","32297"
"000000020076","3","2019","3","19","4502"
"000000020076","6","2019","3","19","3299"
"000000020258","2","2019","3","19","49425"
"000000020525","3","2019","3","19","1542"
"000000001506","4","2019","3","19","396"
"000000001512","3","2019","3","19","451"
"000000003804","5","2019","3","19","436"
"000000200721","5","2019","3","19","702"
"000000001022","3","2019","3","19","1376"
"000000020114","5","2019","3","19","608"
"000000020023","5","2019","3","19","227"
"000000001085","4","2019","3","19","75"
"000000001171","4","2019","3","19","73"
"000000020601","7","2019","3","19","52"
"000000020084","7","2019","3","19","144"
"000000020204","1","2019","3","19","57"
"000000003181","7","2019","3","19","106"
"000000020861","7","2019","3","19","21"
"000000001025","7","2019","3","19","119"
"000000001811","4","2019","3","19","66"
"000000020601","4","2019","3","19","24"
"000000001311","5","2019","3","19","135"
"000000020181","4","2019","3","19","128"
"000000200718","1","2019","3","19","19"
"000000020526","1","2019","3","19","6"
"000000001621","4","2019","3","19","28"
"000000020621","1","2019","3","19","6"
"000000020087","0","2019","3","19","2"
"000000020812","1","2019","3","19","4"
"000000020085","0","2019","3","19","2"
"000000020062","0","2019","3","19","1"
"000000001012","2","2019","3","19","70089"
"000000001252","2","2019","3","19","13336"
"000000001501","2","2019","3","19","112640"
"000000001761","2","2019","3","19","4877"
"000000003182","2","2019","3","19","8022"
"000000020062","6","2019","3","19","1646"
"000000020071","4","2019","3","19","412"
"000000020073","3","2019","3","19","1040"
"000000020075","3","2019","3","19","4794"
"000000020087","6","2019","3","19","2182"
"000000020171","5","2019","3","19","254"
"000000020183","2","2019","3","19","26938"
"000000020254","3","2019","3","19","2068"
"000000031031","2","2019","3","19","28892"
"000000200812","2","2019","3","19","22167"
"000000001113","4","2019","3","19","454"
"000000001211","4","2019","3","19","84"
"000000001222","2","2019","3","19","6414"
"000000001258","4","2019","3","19","160"
"000000001831","2","2019","3","19","3729"
"000000015010","4","2019","3","19","200"
"000000020086","4","2019","3","19","158"
"000000020254","6","2019","3","19","125"
"000000020511","5","2019","3","19","232"
"000000020523","6","2019","3","19","989"
"000000001034","4","2019","3","19","989"
"000000015011","1","2019","3","19","139"
"000000001033","7","2019","3","19","183"
"000000020078","7","2019","3","19","180"
"000000001225","6","2019","3","19","165"
"000000020524","4","2019","3","19","42"
"000000020091","7","2019","3","19","179"
"000000020067","7","2019","3","19","38"
"000000001013","1","2019","3","19","176"
"000000020185","4","2019","3","19","82"
"000000001086","1","2019","3","19","17"
"000000001531","5","2019","3","19","155"
"000000001072","0","2019","3","19","3"
"000000031021","5","2019","3","19","107"
"000000001711","1","2019","3","19","52"
"000000020701","5","2019","3","19","88"
"000000001021","0","2019","3","19","1"
"000000020221","1","2019","3","19","14"
"000000001842","1","2019","3","19","13"
"000000001717","4","2019","3","19","5"
"000000020202","1","2019","3","19","16"
"000000031041","1","2019","3","19","4"
"000000001500","0","2019","3","19","6"
"000000001065","0","2019","3","19","1"
"000000001281","0","2019","3","19","3"
"000000001042","3","2019","3","19","846"
"000000001132","5","2019","3","19","537"
"000000001255","2","2019","3","19","38411"
"000000003803","3","2019","3","19","1981"
"000000015002","4","2019","3","19","390"
"000000020087","2","2019","3","19","12862"
"000000020204","3","2019","3","19","1974"
"000000020254","2","2019","3","19","33249"
"000000020523","2","2019","3","19","11259"
"000000020526","3","2019","3","19","1226"
"000000202103","4","2019","3","19","105"
"000000001171","6","2019","3","19","318"
"000000001521","4","2019","3","19","53"
"000000020012","7","2019","3","19","204"
"000000020021","1","2019","3","19","341"
"000000001131","6","2019","3","19","247"
"000000020258","4","2019","3","19","274"
"000000020258","7","2019","3","19","172"
"000000020089","7","2019","3","19","92"
"000000020046","4","2019","3","19","27"
"000000001715","4","2019","3","19","32"
"000000202301","7","2019","3","19","38"
"000000020153","1","2019","3","19","30"
"000000001841","4","2019","3","19","19"
"000000020211","1","2019","3","19","18"
"000000001034","0","2019","3","19","9"
"000000001671","5","2019","3","19","26"
"000000001731","4","2019","3","19","4"
"000000020071","0","2019","3","19","10"
"000000001258","0","2019","3","19","13"
"000000001211","0","2019","3","19","3"
"000000020032","0","2019","3","19","1"
"000000001012","4","2019","3","19","2240"
"000000001065","2","2019","3","19","33063"
"000000001072","2","2019","3","19","84112"
"000000001500","2","2019","3","19","101474"
"000000001503","3","2019","3","19","22373"
"000000001622","2","2019","3","19","3638"
"000000015010","6","2019","3","19","1820"
"000000020044","2","2019","3","19","15735"
"000000020071","6","2019","3","19","6766"
"000000020086","6","2019","3","19","2116"
"000000020202","3","2019","3","19","2582"
"000000020253","6","2019","3","19","1175"
"000000020521","2","2019","3","19","4229"
"000000031031","4","2019","3","19","524"
"000000200812","4","2019","3","19","198"
"000000001102","2","2019","3","19","3306"
"000000001253","4","2019","3","19","142"
"000000001631","2","2019","3","19","2960"
"000000020221","3","2019","3","19","1087"
"000000001679","2","2019","3","19","4436"
"000000001036","6","2019","3","19","554"
"000000001222","4","2019","3","19","65"
"000000200812","7","2019","3","19","133"
"000000020011","1","2019","3","19","237"
"000000001842","3","2019","3","19","521"
"000000001012","7","2019","3","19","171"
"000000020252","7","2019","3","19","96"
"000000001069","1","2019","3","19","51"
"000000001057","7","2019","3","19","60"
"000000031061","1","2019","3","19","62"
"000000001254","4","2019","3","19","47"
"000000001111","7","2019","3","19","115"
"000000208001","4","2019","3","19","21"
"000000001723","5","2019","3","19","205"
"000000001169","1","2019","3","19","7"
"000000001701","4","2019","3","19","5"
"000000003801","1","2019","3","19","14"
"000000001693","4","2019","3","19","7"
"000000001505","0","2019","3","19","9"
"000000020022","0","2019","3","19","1"
"000000020111","0","2019","3","19","1"
"000000201082","0","2019","3","19","1"
"000000001015","4","2019","3","19","622"
"000000001023","6","2019","3","19","1219"
"000000001541","7","2019","3","19","63"
"000000001552","6","2019","3","19","565"
"000000020041","6","2019","3","19","2998"
"000000020065","4","2019","3","19","319"
"000000020073","2","2019","3","19","11254"
"000000020075","2","2019","3","19","34491"
"000000020181","6","2019","3","19","694"
"000000020621","3","2019","3","19","738"
"000000200718","6","2019","3","19","1359"
"000000200718","3","2019","3","19","1459"
"000000202104","6","2019","3","19","376"
"000000001524","4","2019","3","19","28"
"000000001621","6","2019","3","19","314"
"000000001502","1","2019","3","19","411"
"000000020089","4","2019","3","19","108"
"000000001712","5","2019","3","19","360"
"000000001811","6","2019","3","19","341"
"000000001512","5","2019","3","19","104"
"000000020812","3","2019","3","19","230"
"000000001251","7","2019","3","19","67"
"000000001803","6","2019","3","19","76"
"000000001161","3","2019","3","19","311"
"000000001781","7","2019","3","19","40"
"000000001282","7","2019","3","19","47"
"000000001046","7","2019","3","19","49"
"000000020082","7","2019","3","19","33"
"000000031021","1","2019","3","19","16"
"000000015010","0","2019","3","19","1"
"000000020701","4","2019","3","19","33"
"000000003807","7","2019","3","19","10"
"000000020086","0","2019","3","19","1"
"000000001223","3","2019","3","19","2160"
"000000001261","2","2019","3","19","7117"
"000000001504","2","2019","3","19","108125"
"000000020011","6","2019","3","19","5119"
"000000020042","2","2019","3","19","35378"
"000000020051","3","2019","3","19","660"
"000000020061","2","2019","3","19","13764"
"000000020083","2","2019","3","19","11195"
"000000020117","2","2019","3","19","5372"
"000000200719","6","2019","3","19","1452"
"000000001069","6","2019","3","19","301"
"000000001223","6","2019","3","19","303"
"000000001591","2","2019","3","19","6547"
"000000001141","4","2019","3","19","69"
"000000020205","4","2019","3","19","266"
"000000020521","7","2019","3","19","74"
"000000020024","7","2019","3","19","60"
"000000020908","1","2019","3","19","179"
"000000001594","3","2019","3","19","261"
"000000001661","5","2019","3","19","103"
"000000020115","1","2019","3","19","63"
"000000020241","4","2019","3","19","97"
"000000001182","4","2019","3","19","173"
"000000020184","1","2019","3","19","58"
"000000001053","7","2019","3","19","21"
"000000001622","7","2019","3","19","37"
"000000020811","1","2019","3","19","9"
"000000020563","1","2019","3","19","11"
"000000001058","1","2019","3","19","14"
"000000020064","0","2019","3","19","11"
"000000001071","0","2019","3","19","7"
"000000001022","0","2019","3","19","1"
"000000020076","0","2019","3","19","1"
"000000001013","4","2019","3","19","607"
"000000001051","3","2019","3","19","816"
"000000001052","3","2019","3","19","1320"
"000000001114","2","2019","3","19","31997"
"000000001169","2","2019","3","19","3757"
"000000001722","3","2019","3","19","630"
"000000003801","2","2019","3","19","10957"
"000000020011","2","2019","3","19","87733"
"000000020032","4","2019","3","19","137"
"000000020074","2","2019","3","19","31984"
"000000020078","5","2019","3","19","791"
"000000020223","4","2019","3","19","29"
"000000020242","3","2019","3","19","958"
"000000200720","2","2019","3","19","14524"
"000000001711","4","2019","3","19","101"
"000000015011","4","2019","3","19","205"
"000000001031","6","2019","3","19","89"
"000000020252","3","2019","3","19","1160"
"000000001723","6","2019","3","19","174"
"000000020086","7","2019","3","19","148"
"000000001034","7","2019","3","19","208"
"000000020019","7","2019","3","19","199"
"000000201321","1","2019","3","19","39"
"000000001036","4","2019","3","19","27"
"000000001832","2","2019","3","19","675"
"000000020014","1","2019","3","19","78"
"000000020202","4","2019","3","19","210"
"000000020224","1","2019","3","19","36"
"000000020118","7","2019","3","19","163"
"000000020256","7","2019","3","19","167"
"000000020253","4","2019","3","19","117"
"000000200171","7","2019","3","19","188"
"000000020032","7","2019","3","19","57"
"000000015010","7","2019","3","19","248"
"000000001714","3","2019","3","19","91"
"000000001694","5","2019","3","19","124"
"000000001661","1","2019","3","19","7"
"000000031041","4","2019","3","19","7"
"000000001032","0","2019","3","19","2"
"000000020801","1","2019","3","19","6"
"000000001041","2","2019","3","19","19429"
"000000001070","3","2019","3","19","7210"
"000000001151","5","2019","3","19","146"
"000000001201","2","2019","3","19","8404"
"000000001500","7","2019","3","19","472"
"000000001601","2","2019","3","19","2058"
"000000003801","6","2019","3","19","1065"
"000000003802","5","2019","3","19","349"
"000000010113","2","2019","3","19","18816"
"000000020047","2","2019","3","19","91360"
"000000020077","2","2019","3","19","23336"
"000000020212","2","2019","3","19","13835"
"000000031061","6","2019","3","19","3209"
"000000200713","2","2019","3","19","38229"
"000000201321","5","2019","3","19","378"
"000000001561","3","2019","3","19","772"
"000000001632","2","2019","3","19","4166"
"000000020014","5","2019","3","19","1091"
"000000020024","4","2019","3","19","81"
"000000001072","7","2019","3","19","649"
"000000001721","3","2019","3","19","692"
"000000020063","4","2019","3","19","181"
"000000001054","4","2019","3","19","56"
"000000020066","3","2019","3","19","237"
"000000001812","1","2019","3","19","139"
"000000001581","3","2019","3","19","602"
"000000001256","1","2019","3","19","119"
"000000001169","6","2019","3","19","91"
"000000001032","7","2019","3","19","156"
"000000001631","7","2019","3","19","53"
"000000001065","7","2019","3","19","191"
"000000001832","6","2019","3","19","15"
"000000020063","7","2019","3","19","110"
"000000001281","7","2019","3","19","123"
"000000001312","1","2019","3","19","54"
"000000020119","7","2019","3","19","86"
"000000020671","5","2019","3","19","48"
"000000200717","1","2019","3","19","6"
"000000001092","1","2019","3","19","18"
"000000001014","0","2019","3","19","26"
"000000001679","7","2019","3","19","31"
"000000001045","1","2019","3","19","4"
"000000020562","1","2019","3","19","2"
"000000001081","0","2019","3","19","1"
"000000001751","3","2019","3","19","598"
"000000003111","2","2019","3","19","19960"
"000000020063","6","2019","3","19","1212"
"000000020064","2","2019","3","19","13286"
"000000020201","4","2019","3","19","233"
"000000031061","5","2019","3","19","1027"
"000000200711","4","2019","3","19","55"
"000000001141","6","2019","3","19","355"
"000000001223","5","2019","3","19","477"
"000000020111","4","2019","3","19","390"
"000000001801","4","2019","3","19","66"
"000000020112","4","2019","3","19","253"
"000000001591","1","2019","3","19","8"
"000000001401","1","2019","3","19","195"
"000000020022","7","2019","3","19","135"
"000000001741","4","2019","3","19","6"
"000000020077","1","2019","3","19","160"
"000000001581","5","2019","3","19","169"
"000000020212","1","2019","3","19","43"
"000000001169","5","2019","3","19","97"
"000000001721","5","2019","3","19","95"
"000000020116","7","2019","3","19","116"
"000000001631","6","2019","3","19","76"
"000000001611","1","2019","3","19","25"
"000000020023","1","2019","3","19","17"
"000000201082","7","2019","3","19","57"
"000000001601","1","2019","3","19","9"
"000000003805","7","2019","3","19","1"
"000000001101","6","2019","3","19","154"
"000000001172","6","2019","3","19","326"
"000000001502","7","2019","3","19","547"
"000000001507","2","2019","3","19","68513"
"000000001551","6","2019","3","19","262"
"000000020018","2","2019","3","19","18597"
"000000020036","2","2019","3","19","2977"
"000000020046","5","2019","3","19","210"
"000000020078","4","2019","3","19","498"
"000000020085","6","2019","3","19","1974"
"000000020088","2","2019","3","19","8778"
"000000020092","6","2019","3","19","1404"
"000000020258","5","2019","3","19","1659"
"000000020721","2","2019","3","19","2429"
"000000001521","5","2019","3","19","219"
"000000020252","2","2019","3","19","6686"
"000000001033","4","2019","3","19","545"
"000000020523","3","2019","3","19","2082"
"000000015010","1","2019","3","19","130"
"000000020153","7","2019","3","19","46"
"000000001841","5","2019","3","19","245"
"000000020031","6","2019","3","19","124"
"000000020256","1","2019","3","19","105"
"000000003806","6","2019","3","19","76"
"000000001692","6","2019","3","19","502"
"000000020086","1","2019","3","19","20"
"000000020019","1","2019","3","19","93"
"000000001056","1","2019","3","19","56"
"000000001211","1","2019","3","19","73"
"000000031021","7","2019","3","19","16"
"000000001531","7","2019","3","19","35"
"000000020032","1","2019","3","19","29"
"000000001651","1","2019","3","19","5"
"000000001694","4","2019","3","19","2"
"000000001014","2","2019","3","19","116092"
"000000001024","7","2019","3","19","95"
"000000001032","6","2019","3","19","983"
"000000001053","6","2019","3","19","323"
"000000001054","3","2019","3","19","547"
"000000001055","2","2019","3","19","3617"
"000000001081","2","2019","3","19","31295"
"000000001182","3","2019","3","19","1214"
"000000001191","2","2019","3","19","12889"
"000000001243","2","2019","3","19","6117"
"000000001505","4","2019","3","19","384"
"000000001622","6","2019","3","19","183"
"000000001782","2","2019","3","19","4220"
"000000003173","2","2019","3","19","7980"
"000000020024","6","2019","3","19","799"
"000000020047","1","2019","3","19","356"
"000000020081","2","2019","3","19","8052"
"000000020152","2","2019","3","19","6574"
"000000020205","3","2019","3","19","4451"
"000000020222","2","2019","3","19","19528"
"000000020301","2","2019","3","19","4343"
"000000200714","4","2019","3","19","148"
"000000001504","1","2019","3","19","221"
"000000001871","4","2019","3","19","14"
"000000015012","4","2019","3","19","169"
"000000020119","6","2019","3","19","970"
"000000020521","6","2019","3","19","437"
"000000200719","5","2019","3","19","601"
"000000020051","5","2019","3","19","191"
"000000020093","2","2019","3","19","9881"
"000000020241","3","2019","3","19","1355"
"000000001321","1","2019","3","19","130"
"000000020111","7","2019","3","19","267"
"000000020112","7","2019","3","19","254"
"000000020117","1","2019","3","19","50"
"000000001069","5","2019","3","19","485"
"000000001043","7","2019","3","19","95"
"000000020083","1","2019","3","19","17"
"000000020243","4","2019","3","19","119"
"000000200721","1","2019","3","19","33"
"000000001041","1","2019","3","19","6"
"000000020905","1","2019","3","19","43"
"000000001121","4","2019","3","19","23"
"000000001851","7","2019","3","19","53"
"000000001506","0","2019","3","19","6"
"000000200716","0","2019","3","19","1"
"000000001054","2","2019","3","19","3927"
"000000001141","2","2019","3","19","9779"
"000000001501","7","2019","3","19","452"
"000000001711","6","2019","3","19","538"
"000000003802","3","2019","3","19","1305"
"000000020011","4","2019","3","19","1011"
"000000020202","6","2019","3","19","748"
"000000020205","2","2019","3","19","26863"
"000000020221","6","2019","3","19","160"
"000000020224","3","2019","3","19","1387"
"000000201321","3","2019","3","19","2234"
"000000020018","5","2019","3","19","797"
"000000020051","1","2019","3","19","8"
"000000020172","5","2019","3","19","463"
"000000020223","6","2019","3","19","193"
"000000020801","3","2019","3","19","1215"
"000000001242","5","2019","3","19","360"
"000000001523","6","2019","3","19","256"
"000000001254","7","2019","3","19","67"
"000000020066","1","2019","3","19","24"
"000000031031","7","2019","3","19","207"
"000000003182","7","2019","3","19","95"
"000000001069","4","2019","3","19","29"
"000000001057","5","2019","3","19","341"
"000000020042","0","2019","3","19","22"
"000000020721","5","2019","3","19","100"
"000000001831","7","2019","3","19","42"
"000000208001","7","2019","3","19","118"
"000000001832","4","2019","3","19","4"
"000000001721","1","2019","3","19","11"
"000000015012","0","2019","3","19","2"
"000000001201","0","2019","3","19","1"
"000000001011","4","2019","3","19","1518"
"000000001013","3","2019","3","19","4736"
"000000001032","2","2019","3","19","9243"
"000000001034","6","2019","3","19","2217"
"000000001052","5","2019","3","19","317"
"000000001056","6","2019","3","19","392"
"000000001086","3","2019","3","19","1746"
"000000001281","2","2019","3","19","23527"
"000000001501","4","2019","3","19","930"
"000000001711","3","2019","3","19","2418"
"000000015001","5","2019","3","19","2007"
"000000015011","3","2019","3","19","9090"
"000000020075","5","2019","3","19","1083"
"000000020079","3","2019","3","19","3820"
"000000020119","2","2019","3","19","18490"
"000000020183","4","2019","3","19","257"
"000000200171","6","2019","3","19","3140"
"000000001053","2","2019","3","19","4331"
"000000001211","6","2019","3","19","173"
"000000001522","4","2019","3","19","39"
"000000020522","3","2019","3","19","768"
"000000001051","5","2019","3","19","213"
"000000001523","3","2019","3","19","508"
"000000020182","5","2019","3","19","594"
"000000020907","4","2019","3","19","74"
"000000001173","5","2019","3","19","215"
"000000020242","5","2019","3","19","235"
"000000020223","3","2019","3","19","1919"
"000000020088","7","2019","3","19","119"
"000000020032","6","2019","3","19","153"
"000000001253","7","2019","3","19","306"
"000000001761","4","2019","3","19","52"
"000000003182","4","2019","3","19","67"
"000000031041","3","2019","3","19","425"
"000000020033","4","2019","3","19","83"
"000000001722","5","2019","3","19","127"
"000000200719","1","2019","3","19","171"
"000000001771","7","2019","3","19","158"
"000000001593","7","2019","3","19","124"
"000000001252","4","2019","3","19","105"
"000000020255","7","2019","3","19","83"
"000000020255","4","2019","3","19","47"
"000000001703","7","2019","3","19","56"
"000000001031","5","2019","3","19","68"
"000000001222","7","2019","3","19","64"
"000000001714","7","2019","3","19","5"
"000000001271","7","2019","3","19","58"
"000000001681","5","2019","3","19","121"
"000000020251","4","2019","3","19","39"
"000000001242","7","2019","3","19","84"
"000000001831","4","2019","3","19","14"
"000000020591","6","2019","3","19","13"
"000000020721","7","2019","3","19","35"
"000000001832","1","2019","3","19","6"
"000000020112","0","2019","3","19","2"
"000000001043","0","2019","3","19","1"
"000000001011","2","2019","3","19","51452"
"000000001253","2","2019","3","19","82282"
"000000001254","2","2019","3","19","10645"
"000000001255","6","2019","3","19","880"
"000000001502","5","2019","3","19","4757"
"000000001703","2","2019","3","19","8336"
"000000001723","3","2019","3","19","643"
"000000020016","4","2019","3","19","323"
"000000020021","5","2019","3","19","2968"
"000000020033","2","2019","3","19","7869"
"000000020065","5","2019","3","19","827"
"000000020087","3","2019","3","19","1891"
"000000020118","4","2019","3","19","181"
"000000020251","2","2019","3","19","4230"
"000000020255","2","2019","3","19","8868"
"000000020907","2","2019","3","19","7372"
"000000200171","4","2019","3","19","297"
"000000001522","2","2019","3","19","2590"
"000000001693","2","2019","3","19","3290"
"000000208001","2","2019","3","19","14238"
"000000001056","4","2019","3","19","25"
"000000001701","2","2019","3","19","1550"
"000000020019","4","2019","3","19","492"
"000000001031","3","2019","3","19","483"
"000000001113","7","2019","3","19","261"
"000000001503","1","2019","3","19","301"
"000000020211","5","2019","3","19","281"
"000000020256","4","2019","3","19","174"
"000000001542","5","2019","3","19","114"
"000000001651","4","2019","3","19","32"
"000000020079","1","2019","3","19","134"
"000000020522","1","2019","3","19","38"
"000000001509","0","2019","3","19","7"
"000000020223","1","2019","3","19","25"
"000000001694","7","2019","3","19","43"
"000000001523","1","2019","3","19","33"
"000000001044","3","2019","3","19","8743"
"000000001045","6","2019","3","19","803"
"000000001092","6","2019","3","19","1295"
"000000001256","6","2019","3","19","2293"
"000000001311","4","2019","3","19","185"
"000000001505","5","2019","3","19","2845"
"000000001712","2","2019","3","19","12392"
"000000015012","5","2019","3","19","1326"
"000000020081","3","2019","3","19","1239"
"000000020111","5","2019","3","19","1508"
"000000020112","5","2019","3","19","1271"
"000000020115","6","2019","3","19","845"
"000000020184","6","2019","3","19","1230"
"000000001043","5","2019","3","19","338"
"000000001801","5","2019","3","19","153"
"000000001592","4","2019","3","19","21"
"000000020114","4","2019","3","19","156"
"000000001027","4","2019","3","19","53"
"000000020811","6","2019","3","19","109"
"000000020023","7","2019","3","19","85"
"000000001504","7","2019","3","19","451"
"000000001312","6","2019","3","19","91"
"000000020186","4","2019","3","19","114"
"000000001611","7","2019","3","19","45"
"000000001041","7","2019","3","19","155"
"000000020117","7","2019","3","19","74"
"000000020526","0","2019","3","19","2"
"000000001602","1","2019","3","19","17"
"000000001611","4","2019","3","19","2"
"000000001081","5","2019","3","19","794"
"000000001101","2","2019","3","19","8014"
"000000001112","6","2019","3","19","542"
"000000001172","2","2019","3","19","4793"
"000000001506","3","2019","3","19","14448"
"000000001508","2","2019","3","19","123966"
"000000020092","2","2019","3","19","15954"
"000000020186","6","2019","3","19","717"
"000000020203","6","2019","3","19","1293"
"000000020526","2","2019","3","19","11748"
"000000020621","2","2019","3","19","4097"
"000000200722","6","2019","3","19","1691"
"000000200723","6","2019","3","19","6520"
"000000200811","6","2019","3","19","1336"
"000000001022","7","2019","3","19","114"
"000000001311","6","2019","3","19","71"
"000000020013","7","2019","3","19","269"
"000000020093","5","2019","3","19","285"
"000000001071","7","2019","3","19","331"
"000000001731","1","2019","3","19","7"
"000000200715","4","2019","3","19","191"
"000000001132","4","2019","3","19","126"
"000000020861","3","2019","3","19","495"
"000000020082","1","2019","3","19","29"
"000000001133","7","2019","3","19","92"
"000000020601","3","2019","3","19","687"
"000000001243","5","2019","3","19","261"
"000000020258","1","2019","3","19","209"
"000000001691","6","2019","3","19","163"
"000000020034","7","2019","3","19","95"
"000000001191","5","2019","3","19","321"
"000000001512","4","2019","3","19","39"
"000000020012","1","2019","3","19","129"
"000000001282","1","2019","3","19","17"
"000000001251","1","2019","3","19","65"
"000000001541","1","2019","3","19","24"
"000000001046","1","2019","3","19","17"
"000000001502","0","2019","3","19","7"
"000000020153","0","2019","3","19","1"
"000000001033","2","2019","3","19","52299"
"000000001085","5","2019","3","19","467"
"000000001712","6","2019","3","19","580"
"000000001781","6","2019","3","19","63"
"000000020078","2","2019","3","19","23474"
"000000020082","6","2019","3","19","507"
"000000020089","3","2019","3","19","1411"
"000000020258","3","2019","3","19","6498"
"000000001251","3","2019","3","19","1174"
"000000001541","3","2019","3","19","572"
"000000001694","2","2019","3","19","2759"
"000000001621","5","2019","3","19","282"
"000000202301","3","2019","3","19","520"
"000000001255","1","2019","3","19","110"
"000000001101","4","2019","3","19","49"
"000000020085","1","2019","3","19","47"
"000000001131","7","2019","3","19","64"
"000000001282","6","2019","3","19","594"
"000000020526","7","2019","3","19","55"
"000000020018","0","2019","3","19","1"
"000000020621","7","2019","3","19","89"
"000000001161","7","2019","3","19","30"
"000000020031","1","2019","3","19","16"
"000000020242","0","2019","3","19","1"
"000000001015","5","2019","3","19","1123"
"000000001111","2","2019","3","19","14290"
"000000001242","2","2019","3","19","11941"
"000000001255","3","2019","3","19","5675"
"000000001271","2","2019","3","19","19642"
"000000001508","6","2019","3","19","10438"
"000000001771","2","2019","3","19","9996"
"000000015002","5","2019","3","19","2170"
"000000020012","5","2019","3","19","1608"
"000000020062","3","2019","3","19","3191"
"000000020085","3","2019","3","19","2621"
"000000020091","4","2019","3","19","149"
"000000020172","2","2019","3","19","15992"
"000000020611","6","2019","3","19","300"
"000000202103","5","2019","3","19","254"
"000000001225","3","2019","3","19","760"
"000000001524","5","2019","3","19","254"
"000000001593","2","2019","3","19","3110"
"000000001714","2","2019","3","19","813"
"000000020089","5","2019","3","19","348"
"000000001057","2","2019","3","19","5747"
"000000020067","4","2019","3","19","72"
"000000001034","1","2019","3","19","1225"
"000000020071","1","2019","3","19","218"
"000000001258","1","2019","3","19","271"
"000000001731","5","2019","3","19","103"
"000000020185","1","2019","3","19","9"
"000000020021","7","2019","3","19","243"
"000000001251","5","2019","3","19","348"
"000000020511","7","2019","3","19","40"
"000000020211","7","2019","3","19","68"
"000000020016","1","2019","3","19","17"
"000000200171","1","2019","3","19","21"
"000000001715","5","2019","3","19","139"
"000000001036","1","2019","3","19","24"
"000000020253","1","2019","3","19","36"
"000000020524","1","2019","3","19","19"
"000000003807","5","2019","3","19","26"
"000000001717","1","2019","3","19","5"
"000000020591","1","2019","3","19","2"
"000000020014","0","2019","3","19","1"
"000000201321","0","2019","3","19","1"
"000000001011","1","2019","3","19","862"
"000000001113","6","2019","3","19","1456"
"000000001151","2","2019","3","19","3938"
"000000001258","3","2019","3","19","7408"
"000000003802","2","2019","3","19","10547"
"000000020018","4","2019","3","19","324"
"000000020019","3","2019","3","19","5550"
"000000020062","5","2019","3","19","639"
"000000020078","6","2019","3","19","3060"
"000000020091","6","2019","3","19","1458"
"000000020185","6","2019","3","19","712"
"000000020256","3","2019","3","19","4328"
"000000200171","3","2019","3","19","4207"
"000000201321","2","2019","3","19","18523"
"000000001021","2","2019","3","19","8195"
"000000001211","3","2019","3","19","1494"
"000000001507","4","2019","3","19","256"
"000000020067","6","2019","3","19","109"
"000000020182","7","2019","3","19","317"
"000000020032","3","2019","3","19","814"
"000000020088","4","2019","3","19","102"
"000000020185","3","2019","3","19","1881"
"000000020523","5","2019","3","19","405"
"000000020671","2","2019","3","19","2075"
"000000001111","4","2019","3","19","215"
"000000020172","4","2019","3","19","189"
"000000001271","4","2019","3","19","136"
"000000001501","1","2019","3","19","327"
"000000020524","6","2019","3","19","350"
"000000001242","4","2019","3","19","165"
"000000001831","1","2019","3","19","18"
"000000020252","4","2019","3","19","71"
"000000001714","4","2019","3","19","1"
"000000001051","7","2019","3","19","81"
"000000001717","3","2019","3","19","339"
"000000020036","7","2019","3","19","38"
"000000208001","1","2019","3","19","19"
"000000020242","7","2019","3","19","57"
"000000020907","1","2019","3","19","8"
"000000003182","1","2019","3","19","14"
"000000001701","1","2019","3","19","11"
"000000001717","6","2019","3","19","33"
"000000001593","4","2019","3","19","2"
"000000001505","6","2019","3","19","2035"
"000000001511","2","2019","3","19","3994"
"000000015012","3","2019","3","19","6582"
"000000020042","3","2019","3","19","3861"
"000000020061","3","2019","3","19","2005"
"000000020063","5","2019","3","19","492"
"000000020116","6","2019","3","19","829"
"000000020201","6","2019","3","19","851"
"000000020203","2","2019","3","19","24923"
"000000020861","2","2019","3","19","3268"
"000000020024","5","2019","3","19","274"
"000000020112","6","2019","3","19","1286"
"000000001025","2","2019","3","19","5989"
"000000001141","5","2019","3","19","288"
"000000001632","3","2019","3","19","519"
"000000020115","7","2019","3","19","134"
"000000020908","7","2019","3","19","111"
"000000003805","6","2019","3","19","55"
"000000020113","2","2019","3","19","791"
"000000001092","4","2019","3","19","338"
"000000001081","1","2019","3","19","170"
"000000001256","7","2019","3","19","299"
"000000001871","6","2019","3","19","35"
"000000001055","1","2019","3","19","21"
"000000020562","7","2019","3","19","25"
"000000200717","7","2019","3","19","98"
"000000001045","7","2019","3","19","81"
"000000001221","1","2019","3","19","49"
"000000020301","1","2019","3","19","51"
"000000201081","0","2019","3","19","4"
"000000001282","0","2019","3","19","2"
"000000001073","0","2019","3","19","1"
"000000001085","6","2019","3","19","2378"
"000000001506","6","2019","3","19","2116"
"000000001624","6","2019","3","19","233"
"000000003173","5","2019","3","19","314"
"000000020012","4","2019","3","19","683"
"000000020031","2","2019","3","19","6432"
"000000020085","2","2019","3","19","19347"
"000000020525","5","2019","3","19","351"
"000000001071","5","2019","3","19","1995"
"000000202104","3","2019","3","19","1018"
"000000202301","4","2019","3","19","62"
"000000001131","3","2019","3","19","905"
"000000001225","2","2019","3","19","6716"
"000000001551","2","2019","3","19","3077"
"000000020171","1","2019","3","19","29"
"000000001811","3","2019","3","19","1604"
"000000001624","3","2019","3","19","476"
"000000001602","6","2019","3","19","95"
"000000001251","4","2019","3","19","161"
"000000001803","3","2019","3","19","798"
"000000001133","5","2019","3","19","258"
"000000001132","7","2019","3","19","183"
"000000001046","4","2019","3","19","46"
"000000020601","6","2019","3","19","132"
"000000200715","7","2019","3","19","145"
"000000201081","4","2019","3","19","471"
"000000001841","1","2019","3","19","20"
"000000001712","7","2019","3","19","78"
"000000020082","4","2019","3","19","72"
"000000001524","1","2019","3","19","18"
"000000001521","1","2019","3","19","25"
"000000001781","4","2019","3","19","5"
"000000001542","1","2019","3","19","6"
"000000020019","0","2019","3","19","5"
"000000020701","1","2019","3","19","1"
"000000001043","3","2019","3","19","1780"
"000000001070","6","2019","3","19","4191"
"000000001500","5","2019","3","19","4177"
"000000001509","5","2019","3","19","3888"
"000000003804","2","2019","3","19","15129"
"000000020023","2","2019","3","19","6096"
"000000020114","2","2019","3","19","17864"
"000000020119","5","2019","3","19","1367"
"000000020151","2","2019","3","19","5757"
"000000020186","2","2019","3","19","11866"
"000000020201","3","2019","3","19","2528"
"000000020905","2","2019","3","19","12318"
"000000201082","3","2019","3","19","2093"
"000000001027","2","2019","3","19","5103"
"000000001281","5","2019","3","19","486"
"000000001592","2","2019","3","19","1683"
"000000020562","4","2019","3","19","7"
"000000020184","4","2019","3","19","340"
"000000001851","3","2019","3","19","521"
"000000020521","5","2019","3","19","185"
"000000020563","4","2019","3","19","42"
"000000001045","4","2019","3","19","140"
"000000020908","4","2019","3","19","106"
"000000001032","5","2019","3","19","293"
"000000020066","6","2019","3","19","39"
"000000001053","5","2019","3","19","137"
"000000020205","7","2019","3","19","151"
"000000001751","7","2019","3","19","46"
"000000001132","0","2019","3","19","2"
"000000003111","1","2019","3","19","46"
"000000020093","1","2019","3","19","16"
"000000001751","4","2019","3","19","16"
"000000020811","4","2019","3","19","25"
"000000001023","2","2019","3","19","13142"
"000000001041","3","2019","3","19","2940"
"000000001081","4","2019","3","19","395"
"000000001182","5","2019","3","19","278"
"000000001321","3","2019","3","19","5063"
"000000001401","3","2019","3","19","8396"
"000000001506","2","2019","3","19","96525"
"000000001591","3","2019","3","19","916"
"000000001624","2","2019","3","19","3810"
"000000001811","2","2019","3","19","10541"
"000000010113","6","2019","3","19","976"
"000000020061","6","2019","3","19","1297"
"000000020064","4","2019","3","19","214"
"000000020212","6","2019","3","19","495"
"000000020212","3","2019","3","19","2237"
"000000020222","4","2019","3","19","84"
"000000020243","6","2019","3","19","537"
"000000020905","3","2019","3","19","2044"
"000000200713","6","2019","3","19","1879"
"000000200721","3","2019","3","19","2886"
"000000020184","5","2019","3","19","849"
"000000001632","6","2019","3","19","190"
"000000020023","3","2019","3","19","1045"
"000000020081","4","2019","3","19","68"
"000000020152","4","2019","3","19","76"
"000000001741","6","2019","3","19","126"
"000000020525","1","2019","3","19","37"
"000000001121","6","2019","3","19","170"
"000000001801","6","2019","3","19","180"
"000000001058","5","2019","3","19","180"
"000000003173","4","2019","3","19","63"
"000000020076","1","2019","3","19","72"
"000000001312","7","2019","3","19","44"
"000000001601","3","2019","3","19","215"
"000000020257","7","2019","3","19","196"
"000000020013","1","2019","3","19","225"
"000000001015","0","2019","3","19","283"
"000000001243","4","2019","3","19","44"
"000000001022","1","2019","3","19","60"
"000000001512","1","2019","3","19","5"
"000000020301","4","2019","3","19","41"
"000000001191","7","2019","3","19","22"
"000000001671","1","2019","3","19","5"
"000000001782","4","2019","3","19","10"
"000000020258","0","2019","3","19","6"
"000000020012","0","2019","3","19","1"
"000000001021","5","2019","3","19","340"
"000000001024","3","2019","3","19","1541"
"000000001065","5","2019","3","19","948"
"000000001072","5","2019","3","19","3793"
"000000001112","2","2019","3","19","10838"
"000000001311","2","2019","3","19","10458"
"000000001321","2","2019","3","19","33011"
"000000001401","2","2019","3","19","64500"
"000000001581","6","2019","3","19","89"
"000000020022","3","2019","3","19","5048"
"000000020044","5","2019","3","19","482"
"000000020045","2","2019","3","19","9894"
"000000020051","6","2019","3","19","556"
"000000020094","2","2019","3","19","9906"
"000000020111","3","2019","3","19","7950"
"000000020112","3","2019","3","19","6806"
"000000020115","4","2019","3","19","142"
"000000020116","3","2019","3","19","2005"
"000000020906","2","2019","3","19","12851"
"000000200717","4","2019","3","19","180"
"000000200721","2","2019","3","19","16462"
"000000200722","2","2019","3","19","25302"
"000000200723","2","2019","3","19","66511"
"000000200811","2","2019","3","19","32261"
"000000001256","4","2019","3","19","138"
"000000001044","1","2019","3","19","182"
"000000001721","6","2019","3","19","47"
"000000001182","7","2019","3","19","102"
"000000020152","1","2019","3","19","50"
"000000001561","6","2019","3","19","184"
"000000001622","5","2019","3","19","135"
"000000001054","7","2019","3","19","42"
"000000001594","6","2019","3","19","37"
"000000003805","3","2019","3","19","176"
"000000020257","1","2019","3","19","269"
"000000001141","7","2019","3","19","113"
"000000001611","2","2019","3","19","2190"
"000000020222","1","2019","3","19","52"
"000000001102","5","2019","3","19","125"
"000000001631","5","2019","3","19","100"
"000000001782","1","2019","3","19","23"
"000000001191","1","2019","3","19","26"
"000000001035","1","2019","3","19","26"
"000000020081","1","2019","3","19","28"
"000000020241","7","2019","3","19","73"
"000000001058","4","2019","3","19","30"
"000000001679","5","2019","3","19","93"
"000000001014","4","2019","3","19","2219"
"000000001041","6","2019","3","19","621"
"000000001085","2","2019","3","19","11463"
"000000001171","2","2019","3","19","8331"
"000000001201","6","2019","3","19","746"
"000000001261","6","2019","3","19","222"
"000000001504","3","2019","3","19","16286"
"000000001621","2","2019","3","19","7688"
"000000003111","4","2019","3","19","128"
"000000003804","3","2019","3","19","1628"
"000000015012","6","2019","3","19","1407"
"000000020042","6","2019","3","19","2830"
"000000020047","3","2019","3","19","10073"
"000000020077","3","2019","3","19","3526"
"000000020083","3","2019","3","19","1787"
"000000020117","3","2019","3","19","1860"
"000000020205","5","2019","3","19","876"
"000000020601","2","2019","3","19","5211"
"000000200717","5","2019","3","19","422"
"000000020115","5","2019","3","19","460"
"000000020908","5","2019","3","19","319"
"000000200711","6","2019","3","19","269"
"000000001044","7","2019","3","19","344"
"000000001055","4","2019","3","19","30"
"000000001092","7","2019","3","19","28"
"000000001751","5","2019","3","19","113"
"000000001035","7","2019","3","19","153"
"000000020093","4","2019","3","19","112"
"000000200714","6","2019","3","19","123"
"000000020563","5","2019","3","19","265"
"000000001812","7","2019","3","19","85"
"000000001071","1","2019","3","19","287"
"000000001611","3","2019","3","19","264"
"000000020222","7","2019","3","19","84"
"000000001133","1","2019","3","19","28"
"000000001191","4","2019","3","19","22"
"000000020562","5","2019","3","19","109"
"000000020081","7","2019","3","19","45"
"000000001046","0","2019","3","19","1"
"000000015002","0","2019","3","19","3"
"000000001251","0","2019","3","19","1"
"000000001011","3","2019","3","19","4925"
"000000001013","5","2019","3","19","461"
"000000001070","2","2019","3","19","46171"
"000000001114","3","2019","3","19","4261"
"000000001252","3","2019","3","19","2239"
"000000001253","6","2019","3","19","1912"
"000000001501","3","2019","3","19","20781"
"000000001522","3","2019","3","19","390"
"000000001561","2","2019","3","19","8443"
"000000003182","3","2019","3","19","1904"
"000000003802","4","2019","3","19","82"
"000000003802","7","2019","3","19","75"
"000000015011","5","2019","3","19","1741"
"000000020022","2","2019","3","19","23885"
"000000020033","3","2019","3","19","1018"
"000000020066","2","2019","3","19","2453"
"000000200720","3","2019","3","19","2391"
"000000200812","6","2019","3","19","2030"
"000000001222","6","2019","3","19","229"
"000000001242","6","2019","3","19","817"
"000000001831","3","2019","3","19","460"
"000000020086","5","2019","3","19","484"
"000000020907","3","2019","3","19","1024"
"000000201321","7","2019","3","19","64"
"000000201321","4","2019","3","19","148"
"000000001271","6","2019","3","19","119"
"000000001594","2","2019","3","19","1904"
"000000020014","7","2019","3","19","283"
"000000208001","3","2019","3","19","1534"
"000000001761","3","2019","3","19","572"
"000000020253","5","2019","3","19","433"
"000000020522","7","2019","3","19","57"
"000000001281","1","2019","3","19","56"
"000000020119","1","2019","3","19","184"
"000000001032","1","2019","3","19","39"
"000000020224","7","2019","3","19","38"
"000000020591","5","2019","3","19","62"
"000000001661","7","2019","3","19","35"
"000000001102","4","2019","3","19","36"
"000000001312","0","2019","3","19","10"
"000000001701","6","2019","3","19","9"
"000000001256","0","2019","3","19","3"
"000000001025","5","2019","3","19","369"
"000000001073","3","2019","3","19","10797"
"000000001502","2","2019","3","19","120089"
"000000001531","2","2019","3","19","4987"
"000000020013","6","2019","3","19","3600"
"000000020021","2","2019","3","19","34710"
"000000020084","5","2019","3","19","412"
"000000020171","2","2019","3","19","9074"
"000000200715","3","2019","3","19","1892"
"000000200718","4","2019","3","19","217"
"000000200722","5","2019","3","19","1026"
"000000200811","5","2019","3","19","1044"
"000000001542","2","2019","3","19","2316"
"000000020181","7","2019","3","19","185"
"000000202104","4","2019","3","19","78"
"000000001042","4","2019","3","19","44"
"000000001133","6","2019","3","19","243"
"000000003181","5","2019","3","19","286"
"000000001171","7","2019","3","19","75"
"000000001506","7","2019","3","19","387"
"000000001112","5","2019","3","19","381"
"000000001508","1","2019","3","19","551"
"000000001511","5","2019","3","19","68"
"000000020151","5","2019","3","19","194"
"000000001621","7","2019","3","19","84"
"000000001624","7","2019","3","19","53"
"000000001552","4","2019","3","19","40"
"000000020204","4","2019","3","19","70"
"000000020113","5","2019","3","19","26"
"000000001023","7","2019","3","19","113"
"000000020092","1","2019","3","19","16"
"000000001692","1","2019","3","19","34"
"000000020611","1","2019","3","19","16"
"000000001803","4","2019","3","19","23"
"000000001172","1","2019","3","19","45"
"000000001022","2","2019","3","19","8344"
"000000001024","5","2019","3","19","343"
"000000001054","6","2019","3","19","522"
"000000001058","3","2019","3","19","832"
"000000001070","5","2019","3","19","2459"
"000000001071","2","2019","3","19","58847"
"000000001092","3","2019","3","19","1126"
"000000001121","7","2019","3","19","37"
"000000001256","3","2019","3","19","8335"
"000000001504","4","2019","3","19","432"
"000000010113","4","2019","3","19","135"
"000000020013","2","2019","3","19","33032"
"000000020076","2","2019","3","19","31195"
"000000020077","4","2019","3","19","465"
"000000020115","3","2019","3","19","2429"
"000000020525","2","2019","3","19","14825"
"000000020811","3","2019","3","19","649"
"000000200717","6","2019","3","19","1213"
"000000200717","3","2019","3","19","2202"
"000000020047","4","2019","3","19","1279"
"000000020184","3","2019","3","19","3918"
"000000020908","3","2019","3","19","1224"
"000000001561","5","2019","3","19","354"
"000000020022","5","2019","3","19","1010"
"000000020563","6","2019","3","19","173"
"000000020563","3","2019","3","19","875"
"000000020212","4","2019","3","19","235"
"000000020562","6","2019","3","19","21"
"000000020562","3","2019","3","19","417"
"000000001041","4","2019","3","19","88"
"000000001311","1","2019","3","19","81"
"000000020045","1","2019","3","19","36"
"000000001592","1","2019","3","19","12"
"000000200811","1","2019","3","19","827"
"000000200723","1","2019","3","19","188"
"000000001594","5","2019","3","19","54"
"000000200711","7","2019","3","19","59"
"000000003804","1","2019","3","19","21"
"000000020906","1","2019","3","19","38"
"000000020203","1","2019","3","19","12"
"000000200722","1","2019","3","19","143"
"000000001632","4","2019","3","19","16"
"000000001027","1","2019","3","19","27"
"000000001801","7","2019","3","19","61"
"000000020114","1","2019","3","19","110"
"000000020201","7","2019","3","19","80"
"000000015012","7","2019","3","19","174"
"000000001851","5","2019","3","19","114"
"000000001112","1","2019","3","19","60"
"000000001741","7","2019","3","19","81"
"000000020186","1","2019","3","19","15"
"000000001871","7","2019","3","19","18"
"000000020151","1","2019","3","19","6"
"000000001023","0","2019","3","19","2"
"000000001011","6","2019","3","19","1480"
"000000001012","6","2019","3","19","9157"
"000000001024","2","2019","3","19","8602"
"000000001043","2","2019","3","19","9836"
"000000001057","6","2019","3","19","798"
"000000001111","6","2019","3","19","794"
"000000001254","6","2019","3","19","558"
"000000001501","6","2019","3","19","10831"
"000000001509","4","2019","3","19","465"
"000000001711","5","2019","3","19","449"
"000000020074","3","2019","3","19","4377"
"000000020088","6","2019","3","19","1931"
"000000020116","2","2019","3","19","10318"
"000000020183","6","2019","3","19","1061"
"000000020223","5","2019","3","19","333"
"000000020907","6","2019","3","19","924"
"000000031031","3","2019","3","19","4127"
"000000201082","2","2019","3","19","16299"
"000000001086","5","2019","3","19","390"
"000000001593","6","2019","3","19","96"
"000000001703","6","2019","3","19","141"
"000000001851","2","2019","3","19","4814"
"000000020202","5","2019","3","19","531"
"000000020255","6","2019","3","19","643"
"000000200171","5","2019","3","19","803"
"000000001072","1","2019","3","19","264"
"000000020024","1","2019","3","19","12"
"000000001021","4","2019","3","19","120"
"000000003805","2","2019","3","19","1601"
"000000020079","7","2019","3","19","215"
"000000020032","5","2019","3","19","136"
"000000020251","3","2019","3","19","675"
"000000001036","5","2019","3","19","155"
"000000020801","7","2019","3","19","122"
"000000031041","5","2019","3","19","86"
"000000001622","1","2019","3","19","9"
"000000001693","3","2019","3","19","432"
"000000001701","3","2019","3","19","226"
"000000001842","7","2019","3","19","64"
"000000020184","0","2019","3","19","1"
"000000001053","1","2019","3","19","49"
"000000001631","1","2019","3","19","11"
"000000020521","1","2019","3","19","14"
"000000020063","1","2019","3","19","10"
"000000001141","1","2019","3","19","12"
"000000001661","4","2019","3","19","7"
"000000020671","4","2019","3","19","12"
"000000001151","4","2019","3","19","10"
"000000001045","3","2019","3","19","1315"
"000000001058","6","2019","3","19","237"
"000000001133","2","2019","3","19","8666"
"000000001182","6","2019","3","19","148"
"000000001221","2","2019","3","19","10674"
"000000001312","3","2019","3","19","2011"
"000000001812","3","2019","3","19","3271"
"000000020061","4","2019","3","19","233"
"000000020083","4","2019","3","19","157"
"000000020205","6","2019","3","19","1447"
"000000200713","4","2019","3","19","299"
"000000020034","2","2019","3","19","9730"
"000000020042","4","2019","3","19","370"
"000000020241","6","2019","3","19","946"
"000000001201","4","2019","3","19","114"
"000000001261","4","2019","3","19","60"
"000000001505","7","2019","3","19","452"
"000000020116","5","2019","3","19","424"
"000000020117","4","2019","3","19","100"
"000000001751","6","2019","3","19","103"
"000000020066","5","2019","3","19","74"
"000000020061","7","2019","3","19","94"
"000000001591","4","2019","3","19","49"
"000000001632","7","2019","3","19","63"
"000000020243","7","2019","3","19","110"
"000000200714","7","2019","3","19","21"
"000000001201","7","2019","3","19","85"
"000000001601","4","2019","3","19","21"
"000000003181","1","2019","3","19","12"
"000000020113","1","2019","3","19","6"
"000000001691","1","2019","3","19","46"
"000000020094","1","2019","3","19","18"
"000000001511","1","2019","3","19","3"
"000000001171","0","2019","3","19","1"
"000000001131","0","2019","3","19","1"
"000000020041","0","2019","3","19","3"
"000000001011","5","2019","3","19","715"
"000000001045","2","2019","3","19","6911"
"000000001065","3","2019","3","19","3112"
"000000001500","3","2019","3","19","18192"
"000000001501","5","2019","3","19","4853"
"000000001509","3","2019","3","19","17373"
"000000003802","6","2019","3","19","1037"
"000000020184","2","2019","3","19","34643"
"000000020907","5","2019","3","19","263"
"000000020908","2","2019","3","19","11161"
"000000001058","2","2019","3","19","7500"
"000000020183","5","2019","3","19","747"
"000000020562","2","2019","3","19","2651"
"000000020011","7","2019","3","19","267"
"000000031061","4","2019","3","19","570"
"000000020051","4","2019","3","19","24"
"000000020117","0","2019","3","19","46"
"000000001222","5","2019","3","19","343"
"000000001254","5","2019","3","19","300"
"000000001721","4","2019","3","19","36"
"000000020111","1","2019","3","19","277"
"000000001703","5","2019","3","19","184"
"000000003182","5","2019","3","19","313"
"000000020255","5","2019","3","19","310"
"000000001151","6","2019","3","19","196"
"000000001679","3","2019","3","19","269"
"000000001831","5","2019","3","19","92"
"000000001102","3","2019","3","19","507"
"000000020112","1","2019","3","19","111"
"000000020022","1","2019","3","19","83"
"000000200719","7","2019","3","19","124"
"000000200720","7","2019","3","19","143"
"000000003801","7","2019","3","19","60"
"000000200721","0","2019","3","19","2"
"000000001024","1","2019","3","19","3"
"000000001581","4","2019","3","19","21"
"000000020116","1","2019","3","19","16"
"000000001851","1","2019","3","19","9"
"000000020671","6","2019","3","19","12"
"000000020045","0","2019","3","19","1"
"000000001321","0","2019","3","19","2"
"000000003805","1","2019","3","19","1"
"000000001014","5","2019","3","19","3007"
"000000001025","3","2019","3","19","1314"
"000000001025","6","2019","3","19","775"
"000000001027","6","2019","3","19","780"
"000000001073","4","2019","3","19","261"
"000000001085","3","2019","3","19","2007"
"000000001511","6","2019","3","19","119"
"000000001602","3","2019","3","19","414"
"000000003111","5","2019","3","19","675"
"000000003181","6","2019","3","19","646"
"000000020076","7","2019","3","19","261"
"000000020084","3","2019","3","19","1585"
"000000020114","6","2019","3","19","982"
"000000020222","5","2019","3","19","547"
"000000020301","5","2019","3","19","167"
"000000020906","6","2019","3","19","1109"
"000000200716","3","2019","3","19","1250"
"000000001712","4","2019","3","19","66"
"000000020611","2","2019","3","19","6177"
"000000020812","2","2019","3","19","2124"
"000000020081","5","2019","3","19","270"
"000000020152","5","2019","3","19","341"
"000000001044","5","2019","3","19","1818"
"000000001055","5","2019","3","19","123"
"000000020064","5","2019","3","19","633"
"000000020151","6","2019","3","19","293"
"000000020257","5","2019","3","19","1376"
"000000020113","6","2019","3","19","20"
"000000020089","1","2019","3","19","19"
"000000001592","6","2019","3","19","51"
"000000020861","6","2019","3","19","31"
"000000001782","5","2019","3","19","88"
"000000001671","4","2019","3","19","4"
"000000001781","1","2019","3","19","10"
"000000020525","7","2019","3","19","52"
"000000202301","1","2019","3","19","19"
"000000003807","1","2019","3","19","1"
"000000020021","0","2019","3","19","2"
"000000001035","3","2019","3","19","2324"
"000000001073","2","2019","3","19","85980"
"000000001132","2","2019","3","19","17533"
"000000001512","2","2019","3","19","4162"
"000000001782","3","2019","3","19","529"
"000000003111","3","2019","3","19","2576"
"000000003804","4","2019","3","19","131"
"000000020257","3","2019","3","19","5673"
"000000020905","4","2019","3","19","135"
"000000020908","6","2019","3","19","1020"
"000000200715","2","2019","3","19","10106"
"000000200723","4","2019","3","19","1122"
"000000001121","5","2019","3","19","87"
"000000003805","5","2019","3","19","41"
"000000020045","4","2019","3","19","76"
"000000020093","3","2019","3","19","1193"
"000000020201","5","2019","3","19","589"
"000000020906","4","2019","3","19","128"
"000000200711","5","2019","3","19","157"
"000000200721","4","2019","3","19","219"
"000000200811","4","2019","3","19","281"
"000000001191","3","2019","3","19","1358"
"000000020047","7","2019","3","19","404"
"000000020222","3","2019","3","19","2246"
"000000201082","5","2019","3","19","469"
"000000001401","4","2019","3","19","94"
"000000001112","4","2019","3","19","124"
"000000020083","7","2019","3","19","146"
"000000020094","4","2019","3","19","112"
"000000020152","3","2019","3","19","991"
"000000001321","4","2019","3","19","184"
"000000001506","1","2019","3","19","260"
"000000020077","7","2019","3","19","167"
"000000001741","5","2019","3","19","205"
"000000010113","7","2019","3","19","133"
"000000001812","6","2019","3","19","252"
"000000020212","7","2019","3","19","63"
"000000020023","4","2019","3","19","72"
"000000200722","4","2019","3","19","196"
"000000001671","2","2019","3","19","1003"
"000000020151","4","2019","3","19","72"
"000000020243","5","2019","3","19","351"
"000000200713","7","2019","3","19","245"
"000000001871","5","2019","3","19","44"
"000000001601","7","2019","3","19","48"
"000000001085","1","2019","3","19","7"
"000000020042","7","2019","3","19","86"
"000000020861","1","2019","3","19","10"
"000000020084","1","2019","3","19","20"
"000000200716","1","2019","3","19","6"
"000000001591","7","2019","3","19","44"
"000000001261","7","2019","3","19","91"
"000000001025","1","2019","3","19","23"
"000000020601","1","2019","3","19","11"
"000000001042","0","2019","3","19","1"
"000000001012","3","2019","3","19","9969"
"000000001034","5","2019","3","19","1760"
"000000001069","2","2019","3","19","22943"
"000000001222","3","2019","3","19","1158"
"000000001258","5","2019","3","19","1637"
"000000001581","2","2019","3","19","5347"
"000000001703","3","2019","3","19","1046"
"000000020019","5","2019","3","19","1154"
"000000020036","6","2019","3","19","358"
"000000020071","5","2019","3","19","2710"
"000000020079","4","2019","3","19","440"
"000000020118","5","2019","3","19","879"
"000000031061","2","2019","3","19","26319"
"000000200719","2","2019","3","19","10614"
"000000200812","3","2019","3","19","2073"
"000000001593","3","2019","3","19","629"
"000000001721","2","2019","3","19","5973"
"000000015011","7","2019","3","19","237"
"000000020067","5","2019","3","19","112"
"000000020091","5","2019","3","19","472"
"000000020172","6","2019","3","19","273"
"000000020255","3","2019","3","19","1412"
"000000001771","3","2019","3","19","1499"
"000000020522","4","2019","3","19","30"
"000000020524","5","2019","3","19","254"
"000000001086","7","2019","3","19","121"
"000000020014","4","2019","3","19","565"
"000000001523","4","2019","3","19","26"
"000000001717","5","2019","3","19","55"
"000000001523","7","2019","3","19","47"
"000000001681","6","2019","3","19","58"
"000000020256","5","2019","3","19","1157"
"000000020721","6","2019","3","19","87"
"000000001021","1","2019","3","19","50"
"000000001013","7","2019","3","19","41"
"000000001679","1","2019","3","19","13"
"000000020202","7","2019","3","19","61"
"000000020221","7","2019","3","19","24"
"000000031041","7","2019","3","19","17"
"000000001102","1","2019","3","19","7"
"000000001714","6","2019","3","19","1"
"000000001073","5","2019","3","19","4128"
"000000001173","2","2019","3","19","5380"
"000000001502","4","2019","3","19","887"
"000000001508","3","2019","3","19","16103"
"000000001722","2","2019","3","19","4391"
"000000015002","7","2019","3","19","224"
"000000020092","3","2019","3","19","2422"
"000000020211","4","2019","3","19","126"
"000000020242","2","2019","3","19","5622"
"000000020611","3","2019","3","19","932"
"000000020621","6","2019","3","19","393"
"000000202301","5","2019","3","19","179"
"000000001161","6","2019","3","19","136"
"000000001542","7","2019","3","19","45"
"000000001551","3","2019","3","19","414"
"000000020065","7","2019","3","19","264"
"000000001781","5","2019","3","19","68"
"000000020046","7","2019","3","19","66"
"000000001541","5","2019","3","19","182"
"000000001015","7","2019","3","19","199"
"000000001046","5","2019","3","19","227"
"000000020812","6","2019","3","19","105"
"000000202103","7","2019","3","19","53"
"000000020118","1","2019","3","19","148"
"000000031021","4","2019","3","19","26"
"000000001841","7","2019","3","19","73"
"000000001715","7","2019","3","19","50"
"000000020091","1","2019","3","19","22"
"000000020511","4","2019","3","19","51"
"000000001731","7","2019","3","19","40"
"000000001503","0","2019","3","19","7"
"000000001013","0","2019","3","19","6"
"000000001694","1","2019","3","19","4"
"000000020079","0","2019","3","19","1"
"000000001086","6","2019","3","19","1730"
"000000001182","2","2019","3","19","12545"
"000000001503","6","2019","3","19","9580"
"000000001507","5","2019","3","19","2156"
"000000015011","6","2019","3","19","1712"
"000000020014","3","2019","3","19","5815"
"000000020024","2","2019","3","19","4517"
"000000020063","2","2019","3","19","13810"
"000000020079","6","2019","3","19","3126"
"000000020088","5","2019","3","19","420"
"000000020241","2","2019","3","19","9364"
"000000001111","5","2019","3","19","569"
"000000001771","5","2019","3","19","272"
"000000003801","4","2019","3","19","70"
"000000020074","4","2019","3","19","429"
"000000020522","6","2019","3","19","493"
"000000200720","4","2019","3","19","228"
"000000001013","6","2019","3","19","236"
"000000001151","3","2019","3","19","790"
"000000001661","3","2019","3","19","247"
"000000001842","6","2019","3","19","72"
"000000031041","6","2019","3","19","137"
"000000001114","4","2019","3","19","67"
"000000020183","7","2019","3","19","213"
"000000001011","7","2019","3","19","52"
"000000020036","5","2019","3","19","117"
"000000020251","7","2019","3","19","29"
"000000020252","5","2019","3","19","281"
"000000001252","7","2019","3","19","72"
"000000001114","7","2019","3","19","198"
"000000001561","1","2019","3","19","14"
"000000020907","7","2019","3","19","82"
"000000001522","7","2019","3","19","62"
"000000001070","1","2019","3","19","152"
"000000001701","7","2019","3","19","26"
"000000020033","7","2019","3","19","53"
"000000001581","1","2019","3","19","7"
"000000001761","7","2019","3","19","84"
"000000001714","5","2019","3","19","8"
"000000001223","1","2019","3","19","46"
"000000001693","7","2019","3","19","19"
"000000001594","1","2019","3","19","8"
"000000020212","0","2019","3","19","3"
"000000020243","0","2019","3","19","1"
"000000001044","6","2019","3","19","3094"
"000000001055","3","2019","3","19","586"
"000000001201","5","2019","3","19","340"
"000000001504","5","2019","3","19","3341"
"000000001541","2","2019","3","19","3949"
"000000001781","2","2019","3","19","2227"
"000000020012","2","2019","3","19","48332"
"000000020042","5","2019","3","19","2617"
"000000020047","5","2019","3","19","2357"
"000000020064","3","2019","3","19","1933"
"000000020082","2","2019","3","19","4546"
"000000020222","6","2019","3","19","539"
"000000201081","2","2019","3","19","32921"
"000000001046","2","2019","3","19","6479"
"000000001081","3","2019","3","19","3834"
"000000001221","3","2019","3","19","840"
"000000001401","7","2019","3","19","283"
"000000003111","6","2019","3","19","992"
"000000020034","3","2019","3","19","1768"
"000000020212","5","2019","3","19","402"
"000000020301","3","2019","3","19","729"
"000000001243","3","2019","3","19","793"
"000000020084","4","2019","3","19","123"
"000000020152","6","2019","3","19","359"
"000000020151","7","2019","3","19","56"
"000000020203","4","2019","3","19","316"
"000000001601","5","2019","3","19","90"
"000000003181","4","2019","3","19","71"
"000000200811","7","2019","3","19","151"
"000000001782","6","2019","3","19","252"
"000000200723","7","2019","3","19","244"
"000000020203","7","2019","3","19","132"
"000000001632","5","2019","3","19","147"
"000000001811","1","2019","3","19","27"
"000000020041","1","2019","3","19","343"
"000000001027","7","2019","3","19","108"
"000000202104","1","2019","3","19","19"
"000000020094","7","2019","3","19","97"
"000000001691","4","2019","3","19","29"
"000000001691","7","2019","3","19","25"
"000000001025","4","2019","3","19","42"
"000000001321","7","2019","3","19","115"
"000000020181","1","2019","3","19","14"
"000000001311","7","2019","3","19","8"
"000000020861","4","2019","3","19","26"
"000000001803","1","2019","3","19","27"
"000000001086","4","2019","3","19","155"
"000000001507","3","2019","3","19","9603"
"000000001681","3","2019","3","19","537"
"000000015001","3","2019","3","19","8024"
"000000020018","3","2019","3","19","3972"
"000000020075","6","2019","3","19","3319"
"000000020172","3","2019","3","19","1815"
"000000020182","3","2019","3","19","3852"
"000000020721","3","2019","3","19","334"
"000000020153","5","2019","3","19","227"
"000000001173","3","2019","3","19","799"
"000000020071","7","2019","3","19","382"
"000000020524","7","2019","3","19","86"
"000000020016","7","2019","3","19","146"
"000000020119","0","2019","3","19","12"
"000000020036","3","2019","3","19","431"
"000000020073","6","2019","3","19","321"
"000000001258","7","2019","3","19","289"
"000000020185","7","2019","3","19","127"
"000000001651","7","2019","3","19","41"
"000000020253","7","2019","3","19","142"
"000000001056","7","2019","3","19","31"
"000000001211","7","2019","3","19","42"
"000000001036","7","2019","3","19","65"
"000000003802","1","2019","3","19","30"
"000000020591","7","2019","3","19","34"
"000000001717","7","2019","3","19","26"
"000000020591","4","2019","3","19","18"
"000000001151","1","2019","3","19","1"
"000000000999","5","2019","3","19","1"
"000000001027","3","2019","3","19","1158"
"000000001071","4","2019","3","19","448"
"000000001112","3","2019","3","19","1789"
"000000001256","5","2019","3","19","1665"
"000000001312","5","2019","3","19","282"
"000000001401","6","2019","3","19","1970"
"000000001504","6","2019","3","19","2261"
"000000001803","2","2019","3","19","6736"
"000000020034","4","2019","3","19","146"
"000000020045","3","2019","3","19","1105"
"000000020047","6","2019","3","19","3574"
"000000020077","6","2019","3","19","3013"
"000000020114","3","2019","3","19","4254"
"000000020151","3","2019","3","19","769"
"000000020181","2","2019","3","19","11747"
"000000020203","3","2019","3","19","3435"
"000000200718","2","2019","3","19","10004"
"000000200721","6","2019","3","19","1596"
"000000200722","3","2019","3","19","3208"
"000000200723","3","2019","3","19","11239"
"000000001161","2","2019","3","19","2061"
"000000001511","3","2019","3","19","535"
"000000001591","6","2019","3","19","62"
"000000020094","3","2019","3","19","1506"
"000000020811","5","2019","3","19","135"
"000000001073","1","2019","3","19","362"
"000000001045","5","2019","3","19","256"
"000000001311","3","2019","3","19","1034"
"000000003173","7","2019","3","19","72"
"000000001022","4","2019","3","19","159"
"000000001035","5","2019","3","19","394"
"000000020093","7","2019","3","19","99"
"000000020525","4","2019","3","19","199"
"000000003111","7","2019","3","19","187"
"000000001132","1","2019","3","19","105"
"000000001611","6","2019","3","19","53"
"000000020113","3","2019","3","19","124"
"000000001812","5","2019","3","19","563"
"000000001243","7","2019","3","19","60"
"000000001712","1","2019","3","19","27"
"000000001221","7","2019","3","19","35"
"000000001133","4","2019","3","19","59"
"000000001221","4","2019","3","19","49"
"000000001022","5","2019","3","19","307"
"000000001023","3","2019","3","19","2189"
"000000001171","3","2019","3","19","906"
"000000001221","5","2019","3","19","116"
"000000001692","2","2019","3","19","5109"
"000000020013","5","2019","3","19","1036"
"000000020041","3","2019","3","19","6085"
"000000020062","2","2019","3","19","16477"
"000000020076","5","2019","3","19","974"
"000000020084","6","2019","3","19","1984"
"000000200716","6","2019","3","19","1166"
"000000020034","5","2019","3","19","321"
"000000020181","3","2019","3","19","2291"
"000000001552","3","2019","3","19","460"
"000000015002","1","2019","3","19","183"
"000000001073","7","2019","3","19","405"
"000000001621","3","2019","3","19","915"
"000000001282","4","2019","3","19","66"
"000000201081","7","2019","3","19","106"
"000000003806","2","2019","3","19","315"
"000000001541","4","2019","3","19","46"
"000000020078","0","2019","3","19","1"
"000000020065","1","2019","3","19","43"
"000000001671","7","2019","3","19","13"
"000000202103","1","2019","3","19","12"
"000000020046","1","2019","3","19","9"
"000000001512","7","2019","3","19","26"
"000000001715","1","2019","3","19","4"
"000000020524","0","2019","3","19","1"
"000000003807","4","2019","3","19","6"
"000000020511","1","2019","3","19","19"
"000000001033","0","2019","3","19","6"
"000000020256","0","2019","3","19","3"
"000000001113","0","2019","3","19","2"
"000000001042","2","2019","3","19","5405"
"000000001131","2","2019","3","19","6853"
"000000001321","6","2019","3","19","611"
"000000001552","2","2019","3","19","2821"
"000000003181","3","2019","3","19","1245"
"000000003803","2","2019","3","19","15057"
"000000003804","6","2019","3","19","1802"
"000000020023","6","2019","3","19","450"
"000000020041","2","2019","3","19","49146"
"000000020045","6","2019","3","19","1129"
"000000020083","6","2019","3","19","2101"
"000000020117","6","2019","3","19","649"
"000000020204","2","2019","3","19","15665"
"000000020905","6","2019","3","19","1118"
"000000020906","3","2019","3","19","1587"
"000000200811","3","2019","3","19","7082"
"000000201081","1","2019","3","19","395"
"000000202104","2","2019","3","19","6885"
"000000020076","4","2019","3","19","481"
"000000020094","6","2019","3","19","1042"
"000000001014","7","2019","3","19","402"
"000000020013","4","2019","3","19","476"
"000000020186","3","2019","3","19","1611"
"000000001592","3","2019","3","19","331"
"000000001691","3","2019","3","19","814"
"000000020301","7","2019","3","19","62"
"000000001092","5","2019","3","19","595"
"000000001601","6","2019","3","19","56"
"000000020152","7","2019","3","19","87"
"000000020064","7","2019","3","19","138"
"000000001782","7","2019","3","19","49"
"000000001081","7","2019","3","19","130"
"000000200715","1","2019","3","19","10"
"000000001055","7","2019","3","19","37"
"000000001524","0","2019","3","19","1"
"000000001033","3","2019","3","19","6872"
"000000001502","6","2019","3","19","11110"
"000000001503","2","2019","3","19","119911"
"000000020014","2","2019","3","19","31876"
"000000020021","6","2019","3","19","3298"
"000000020078","3","2019","3","19","3729"
"000000020211","6","2019","3","19","423"
"000000020801","2","2019","3","19","8283"
"000000001255","7","2019","3","19","154"
"000000001593","1","2019","3","19","16"
"000000001842","2","2019","3","19","5293"
"000000015001","4","2019","3","19","408"
"000000020067","3","2019","3","19","479"
"000000020118","3","2019","3","19","4986"
"000000001173","4","2019","3","19","51"
"000000020087","7","2019","3","19","148"
"000000001031","4","2019","3","19","35"
"000000001254","1","2019","3","19","81"
"000000200812","1","2019","3","19","42"
"000000001253","1","2019","3","19","243"
"000000001111","1","2019","3","19","108"
"000000001694","3","2019","3","19","116"
"000000001242","1","2019","3","19","50"
"000000001031","7","2019","3","19","56"
"000000020031","5","2019","3","19","157"
"000000001703","1","2019","3","19","18"
"000000020242","4","2019","3","19","42"
"000000020073","7","2019","3","19","46"
"000000001722","4","2019","3","19","49"
"000000020011","0","2019","3","19","7"
"000000001771","1","2019","3","19","10"
"000000031061","0","2019","3","19","1"
"000000001069","0","2019","3","19","1"
"000000001113","3","2019","3","19","8179"
"000000020016","3","2019","3","19","3315"
"000000020075","7","2019","3","19","260"
"000000020079","2","2019","3","19","20346"
"000000020085","5","2019","3","19","735"
"000000020153","6","2019","3","19","253"
"000000020182","4","2019","3","19","200"
"000000020221","2","2019","3","19","8015"
"000000020522","2","2019","3","19","5435"
"000000020091","3","2019","3","19","2635"
"000000020224","2","2019","3","19","4699"
"000000001012","1","2019","3","19","326"
"000000001523","2","2019","3","19","3546"
"000000001551","5","2019","3","19","125"
"000000001225","5","2019","3","19","147"
"000000001692","5","2019","3","19","185"
"000000001051","4","2019","3","19","25"
"000000001052","4","2019","3","19","56"
"000000001222","1","2019","3","19","45"
"000000020088","1","2019","3","19","11"
"000000020183","1","2019","3","19","47"
"000000020255","1","2019","3","19","11"
"000000001271","1","2019","3","19","47"
"000000020254","7","2019","3","19","166"
"000000003806","5","2019","3","19","22"
"000000001723","7","2019","3","19","58"
"000000001057","1","2019","3","19","20"
"000000001723","4","2019","3","19","17"
"000000001681","4","2019","3","19","4"
"000000200719","0","2019","3","19","2"
"000000001052","6","2019","3","19","273"
"000000001057","3","2019","3","19","881"
"000000001111","3","2019","3","19","2295"
"000000001113","5","2019","3","19","1481"
"000000001223","2","2019","3","19","15945"
"000000001242","3","2019","3","19","1727"
"000000001253","3","2019","3","19","7682"
"000000001254","3","2019","3","19","1250"
"000000001271","3","2019","3","19","1648"
"000000001503","4","2019","3","19","1086"
"000000001507","6","2019","3","19","1810"
"000000001509","1","2019","3","19","640"
"000000001771","6","2019","3","19","468"
"000000015001","6","2019","3","19","5083"
"000000015010","5","2019","3","19","2070"
"000000020018","6","2019","3","19","3091"
"000000020051","2","2019","3","19","4172"
"000000020088","3","2019","3","19","1763"
"000000020182","6","2019","3","19","915"
"000000020183","3","2019","3","19","3867"
"000000020252","6","2019","3","19","593"
"000000001500","1","2019","3","19","435"
"000000001503","7","2019","3","19","613"
"000000020016","5","2019","3","19","686"
"000000020185","5","2019","3","19","366"
"000000020242","6","2019","3","19","895"
"000000001173","6","2019","3","19","283"
"000000001056","5","2019","3","19","132"
"000000001211","5","2019","3","19","209"
"000000020224","4","2019","3","19","64"
"000000001033","5","2019","3","19","1469"
"000000020221","4","2019","3","19","86"
"000000001051","6","2019","3","19","147"
"000000001722","6","2019","3","19","66"
"000000001651","5","2019","3","19","101"
"000000020801","4","2019","3","19","70"
"000000001842","4","2019","3","19","33"
"000000001711","7","2019","3","19","62"
"000000001065","1","2019","3","19","253"
"000000020044","1","2019","3","19","50"
"000000020223","7","2019","3","19","71"
"000000020671","1","2019","3","19","7"
"000000001182","0","2019","3","19","1"
"000000020241","0","2019","3","19","1"
"000000200717","0","2019","3","19","2"
"000000001073","6","2019","3","19","7528"
"000000001506","5","2019","3","19","3064"
"000000001508","4","2019","3","19","788"
"000000003803","7","2019","3","19","79"
"000000020012","3","2019","3","19","9883"
"000000020046","3","2019","3","19","1046"
"000000020067","2","2019","3","19","3188"
"000000020082","3","2019","3","19","836"
"000000020153","2","2019","3","19","5884"
"000000200715","6","2019","3","19","1353"
"000000201081","6","2019","3","19","863"
"000000202301","6","2019","3","19","172"
"000000001046","3","2019","3","19","727"
"000000001552","7","2019","3","19","47"
"000000001731","3","2019","3","19","356"
"000000001811","5","2019","3","19","584"
"000000020601","5","2019","3","19","157"
"000000001172","4","2019","3","19","72"
"000000001781","3","2019","3","19","277"
"000000020092","4","2019","3","19","138"
"000000020621","4","2019","3","19","32"
"000000020062","1","2019","3","19","32"
"000000200718","7","2019","3","19","147"
"000000001803","7","2019","3","19","47"
"000000001624","5","2019","3","19","102"
"000000020204","7","2019","3","19","89"
"000000020611","4","2019","3","19","53"
"000000020182","0","2019","3","19","2"
"000000001042","7","2019","3","19","57"
"000000001225","1","2019","3","19","19"
"000000020523","1","2019","3","19","51"
"000000020526","4","2019","3","19","22"
"000000003807","3","2019","3","19","55"
"000000001771","0","2019","3","19","1"
"000000000999","2","2019","3","19","12"
"000000020812","4","2019","3","19","8"
"000000015001","0","2019","3","19","3"
"000000001507","0","2019","3","19","3"
"000000001014","3","2019","3","19","15060"
"000000001035","6","2019","3","19","1117"
"000000001041","5","2019","3","19","524"
"000000001282","2","2019","3","19","10857"
"000000003804","7","2019","3","19","97"
"000000010113","5","2019","3","19","607"
"000000020061","5","2019","3","19","521"
"000000020077","5","2019","3","19","839"
"000000020081","6","2019","3","19","542"
"000000020257","6","2019","3","19","1374"
"000000020301","6","2019","3","19","440"
"000000200713","5","2019","3","19","1074"
"000000200716","4","2019","3","19","175"
"000000202301","2","2019","3","19","4024"
"000000001261","5","2019","3","19","239"
"000000003173","3","2019","3","19","1258"
"000000020083","5","2019","3","19","466"
"000000020093","6","2019","3","19","1024"
"000000020186","7","2019","3","19","165"
"000000020905","7","2019","3","19","108"
"000000001191","6","2019","3","19","260"
"000000020117","5","2019","3","19","693"
"000000200722","7","2019","3","19","136"
"000000020114","7","2019","3","19","124"
"000000200714","5","2019","3","19","162"
"000000001023","1","2019","3","19","34"
"000000020045","7","2019","3","19","89"
"000000001602","4","2019","3","19","34"
"000000200721","7","2019","3","19","154"
"000000020906","7","2019","3","19","102"
"000000001508","0","2019","3","19","26"
"000000001552","1","2019","3","19","28"
"000000001692","0","2019","3","19","2"
"000000001112","7","2019","3","19","106"
"000000001592","7","2019","3","19","50"
"000000001511","4","2019","3","19","13"
"000000020113","4","2019","3","19","17"
"000000001511","7","2019","3","19","58"
"000000020113","7","2019","3","19","10"
"000000001171","1","2019","3","19","37"
"000000001624","1","2019","3","19","1"
"000000001621","1","2019","3","19","2"
"000000001033","6","2019","3","19","2119"
"000000001034","3","2019","3","19","9221"
"000000001056","3","2019","3","19","608"
"000000001255","5","2019","3","19","997"
"000000001258","6","2019","3","19","2134"
"000000001509","2","2019","3","19","114799"
"000000001661","2","2019","3","19","2021"
"000000015010","3","2019","3","19","12456"
"000000020016","6","2019","3","19","2737"
"000000020019","6","2019","3","19","3321"
"000000020071","3","2019","3","19","11421"
"000000020086","3","2019","3","19","2407"
"000000020087","5","2019","3","19","490"
"000000020256","6","2019","3","19","1089"
"000000020524","3","2019","3","19","950"
"000000001651","6","2019","3","19","146"
"000000020118","6","2019","3","19","1108"
"000000020591","3","2019","3","19","301"
"000000015001","7","2019","3","19","248"
"000000020253","3","2019","3","19","1634"
"000000001173","7","2019","3","19","58"
"000000020172","7","2019","3","19","94"
"000000001036","3","2019","3","19","747"
"000000001057","4","2019","3","19","58"
"000000001252","1","2019","3","19","78"
"000000020074","1","2019","3","19","99"
"000000020254","5","2019","3","19","389"
"000000001507","7","2019","3","19","308"
"000000001771","4","2019","3","19","67"
"000000020036","4","2019","3","19","54"
"000000001703","4","2019","3","19","29"
"000000001651","3","2019","3","19","322"
"000000020018","7","2019","3","19","172"
"000000031031","1","2019","3","19","37"
"000000001114","1","2019","3","19","85"
"000000001693","1","2019","3","19","12"
"000000001694","6","2019","3","19","158"
"000000020073","5","2019","3","19","137"
"000000200720","1","2019","3","19","32"
"000000001522","1","2019","3","19","12"
"000000001052","7","2019","3","19","52"
"000000001722","7","2019","3","19","23"
"000000001761","1","2019","3","19","14"
"000000001681","7","2019","3","19","77"
"000000020033","1","2019","3","19","26"
"000000020721","4","2019","3","19","10"
"000000001070","0","2019","3","19","4"
"000000001561","0","2019","3","19","1"
"000000020251","1","2019","3","19","8"
"000000001132","3","2019","3","19","2523"
"000000001712","3","2019","3","19","1373"
"000000003803","4","2019","3","19","163"
"000000020211","2","2019","3","19","8475"
"000000020511","2","2019","3","19","5090"
"000000031021","2","2019","3","19","1984"
"000000200716","5","2019","3","19","379"
"000000201081","3","2019","3","19","3063"
"000000001132","6","2019","3","19","425"
"000000001512","6","2019","3","19","270"
"000000020041","4","2019","3","19","444"
"000000020203","5","2019","3","19","879"
"000000001027","5","2019","3","19","364"
"000000020525","6","2019","3","19","328"
"000000001282","3","2019","3","19","1021"
"000000202104","7","2019","3","19","55"
"000000020075","0","2019","3","19","2"
"000000001602","5","2019","3","19","119"
"000000001131","4","2019","3","19","26"
"000000020861","5","2019","3","19","130"
"000000001161","4","2019","3","19","12"
"000000020041","7","2019","3","19","257"
"000000001811","7","2019","3","19","135"
"000000001691","5","2019","3","19","125"
"000000001551","1","2019","3","19","9"
"000000001101","1","2019","3","19","35"
"000000001592","5","2019","3","19","71"
"000000001031","0","2019","3","19","1"
"000000001671","6","2019","3","19","26"
"000000020073","0","2019","3","19","4"
"000000001015","3","2019","3","19","5603"
"000000001034","2","2019","3","19","66292"
"000000001042","5","2019","3","19","190"
"000000001056","2","2019","3","19","3329"
"000000001113","2","2019","3","19","69172"
"000000001211","2","2019","3","19","8314"
"000000001541","6","2019","3","19","383"
"000000001841","3","2019","3","19","1697"
"000000003803","5","2019","3","19","395"
"000000015002","3","2019","3","19","10168"
"000000020012","6","2019","3","19","3778"
"000000020016","2","2019","3","19","18043"
"000000020019","2","2019","3","19","26746"
"000000020062","4","2019","3","19","230"
"000000020089","6","2019","3","19","1730"
"000000020118","2","2019","3","19","29003"
"000000020185","2","2019","3","19","9925"
"000000200171","2","2019","3","19","19718"
"000000202104","5","2019","3","19","305"
"000000001542","3","2019","3","19","479"
"000000001524","3","2019","3","19","1078"
"000000001551","7","2019","3","19","46"
"000000020171","3","2019","3","19","991"
"000000001521","3","2019","3","19","943"
"000000020075","1","2019","3","19","101"
"000000001172","7","2019","3","19","54"
"000000001131","5","2019","3","19","241"
"000000001161","5","2019","3","19","53"
"000000001225","4","2019","3","19","33"
"000000001552","5","2019","3","19","163"
"000000020812","7","2019","3","19","63"
"000000020073","1","2019","3","19","41"
"000000001723","1","2019","3","19","22"
"000000001254","0","2019","3","19","2"
"000000001101","7","2019","3","19","78"
"000000001593","0","2019","3","19","5"
"000000003806","7","2019","3","19","7"
"000000001111","0","2019","3","19","4"
"000000001015","6","2019","3","19","6691"
"000000001046","6","2019","3","19","336"
"000000001251","6","2019","3","19","659"
"000000001258","2","2019","3","19","64242"
"000000001651","2","2019","3","19","2667"
"000000001731","6","2019","3","19","316"
"000000015002","6","2019","3","19","5328"
"000000015010","2","2019","3","19","59959"
"000000020031","4","2019","3","19","133"
"000000020065","3","2019","3","19","3665"
"000000020071","2","2019","3","19","63664"
"000000020086","2","2019","3","19","15295"
"000000020091","2","2019","3","19","18237"
"000000020256","2","2019","3","19","35186"
"000000020258","6","2019","3","19","1776"
"000000020511","3","2019","3","19","811"
"000000020524","2","2019","3","19","6639"
"000000020701","3","2019","3","19","397"
"000000001023","5","2019","3","19","514"
"000000001171","5","2019","3","19","240"
"000000020041","5","2019","3","19","1292"
"000000020046","6","2019","3","19","425"
"000000020181","5","2019","3","19","419"
"000000020204","5","2019","3","19","545"
"000000200718","5","2019","3","19","454"
"000000202103","3","2019","3","19","799"
"000000020085","4","2019","3","19","186"
"000000001508","7","2019","3","19","953"
"000000001715","3","2019","3","19","780"
"000000020254","1","2019","3","19","228"
"000000001717","2","2019","3","19","2345"
"000000020092","7","2019","3","19","191"
"000000001803","5","2019","3","19","139"
"000000003807","6","2019","3","19","76"
"000000001551","4","2019","3","19","40"
"000000001011","0","2019","3","19","3"
"000000020611","7","2019","3","19","71"
"000000001692","4","2019","3","19","30"
"000000001501","0","2019","3","19","10"
"000000020087","1","2019","3","19","16"
"000000001031","1","2019","3","19","4"
"000000003806","4","2019","3","19","4"
"000000001012","0","2019","3","19","7"
"000000001253","0","2019","3","19","7"
"000000001021","6","2019","3","19","1030"
"000000001043","4","2019","3","19","105"
"000000001044","2","2019","3","19","73579"
"000000001072","3","2019","3","19","13315"
"000000001092","2","2019","3","19","13095"
"000000001312","2","2019","3","19","14141"
"000000001500","6","2019","3","19","10411"
"000000020011","5","2019","3","19","2704"
"000000020119","3","2019","3","19","2579"
"000000001053","3","2019","3","19","653"
"000000020024","3","2019","3","19","994"
"000000200720","5","2019","3","19","683"
"000000003801","5","2019","3","19","380"
"000000001631","3","2019","3","19","620"
"000000001281","6","2019","3","19","693"
"000000001761","5","2019","3","19","143"
"000000020022","4","2019","3","19","147"
"000000001871","1","2019","3","19","15"
"000000020251","5","2019","3","19","133"
"000000010113","1","2019","3","19","54"
"000000020061","1","2019","3","19","8"
"000000020066","7","2019","3","19","44"
"000000001261","1","2019","3","19","23"
"000000003805","4","2019","3","19","17"
"000000200711","1","2019","3","19","24"
"000000001693","5","2019","3","19","69"
"000000020186","0","2019","3","19","1"
"000000001121","1","2019","3","19","1"
"000000001032","3","2019","3","19","1805"
"000000001035","2","2019","3","19","9567"
"000000001065","6","2019","3","19","1257"
"000000001070","4","2019","3","19","383"
"000000001072","6","2019","3","19","7500"
"000000001114","5","2019","3","19","863"
"000000001141","3","2019","3","19","1703"
"000000001223","7","2019","3","19","95"
"000000001256","2","2019","3","19","59906"
"000000001509","6","2019","3","19","3083"
"000000001812","2","2019","3","19","28290"
"000000020044","6","2019","3","19","1745"
"000000020063","3","2019","3","19","3188"
"000000020074","5","2019","3","19","1023"
"000000020257","2","2019","3","19","44004"
"000000020521","3","2019","3","19","692"
"000000020811","2","2019","3","19","3690"
"000000031031","5","2019","3","19","1008"
"000000201082","4","2019","3","19","862"
"000000001070","7","2019","3","19","259"
"000000001281","3","2019","3","19","2432"
"000000001561","4","2019","3","19","36"
"000000200811","0","2019","3","19","4"
"000000001102","6","2019","3","19","105"
"000000001505","1","2019","3","19","222"
"000000001561","7","2019","3","19","102"
"000000020033","5","2019","3","19","149"
"000000015012","1","2019","3","19","111"
"000000020243","1","2019","3","19","25"
"000000001622","3","2019","3","19","559"
"000000020051","7","2019","3","19","66"
"000000020116","4","2019","3","19","58"
"000000200713","1","2019","3","19","110"
"000000200714","1","2019","3","19","35"
"000000001024","4","2019","3","19","86"
"000000001201","1","2019","3","19","35"
"000000001594","7","2019","3","19","23"
"000000001721","7","2019","3","19","45"
"000000001741","1","2019","3","19","18"
"000000200723","0","2019","3","19","49"
"000000020042","1","2019","3","19","28"
"000000001632","1","2019","3","19","29"
"000000001581","7","2019","3","19","84"
"000000001679","6","2019","3","19","58"
"000000001832","5","2019","3","19","25"
"000000001851","4","2019","3","19","19"
"000000020066","4","2019","3","19","15"
"000000001801","1","2019","3","19","10"
"000000001012","5","2019","3","19","2077"
"000000001253","5","2019","3","19","1410"
"000000001271","5","2019","3","19","314"
"000000001751","2","2019","3","19","3976"
"000000020014","6","2019","3","19","3742"
"000000020044","3","2019","3","19","2192"
"000000020115","2","2019","3","19","16036"
"000000020563","2","2019","3","19","5034"
"000000200812","5","2019","3","19","558"
"000000201321","6","2019","3","19","330"
"000000208001","5","2019","3","19","354"
"000000001021","3","2019","3","19","1542"
"000000001593","5","2019","3","19","182"
"000000020224","6","2019","3","19","255"
"000000200717","2","2019","3","19","8138"
"000000200719","4","2019","3","19","229"
"000000001069","7","2019","3","19","152"
"000000020801","6","2019","3","19","575"
"000000001223","4","2019","3","19","87"
"000000020074","7","2019","3","19","294"
"000000001522","5","2019","3","19","122"
"000000031061","7","2019","3","19","215"
"000000001252","5","2019","3","19","452"
"000000001661","6","2019","3","19","67"
"000000020201","1","2019","3","19","41"
"000000201082","1","2019","3","19","40"
"000000001701","5","2019","3","19","33"
"000000020671","3","2019","3","19","231"
"000000001832","7","2019","3","19","22"
"000000001169","7","2019","3","19","22"
"000000020047","0","2019","3","19","11"
"000000001043","1","2019","3","19","31"
"000000001401","0","2019","3","19","5"
"000000001041","0","2019","3","19","1"
"000000001504","0","2019","3","19","6"
"000000020077","0","2019","3","19","1"
"000000001031","2","2019","3","19","4003"
"000000001042","6","2019","3","19","281"
"000000001052","2","2019","3","19","11945"
"000000001101","3","2019","3","19","766"
"000000001681","2","2019","3","19","3022"
"000000003803","6","2019","3","19","1818"
"000000015001","2","2019","3","19","53080"
"000000020021","4","2019","3","19","417"
"000000020182","2","2019","3","19","24517"
"000000020204","6","2019","3","19","942"
"000000200715","5","2019","3","19","492"
"000000001051","2","2019","3","19","8474"
"000000001692","3","2019","3","19","811"
"000000001723","2","2019","3","19","3902"
"000000201081","5","2019","3","19","908"
"000000020153","4","2019","3","19","114"
"000000020171","4","2019","3","19","145"
"000000001172","3","2019","3","19","698"
"000000020031","3","2019","3","19","1065"
"000000020078","1","2019","3","19","145"
"000000001033","1","2019","3","19","482"
"000000001524","7","2019","3","19","65"
"000000020082","5","2019","3","19","262"
"000000001282","5","2019","3","19","257"
"000000001113","1","2019","3","19","261"
"000000020171","7","2019","3","19","77"
"000000001521","7","2019","3","19","74"
"000000020526","6","2019","3","19","181"
"000000003806","3","2019","3","19","46"
"000000001542","4","2019","3","19","29"
"000000001531","4","2019","3","19","22"
"000000020701","7","2019","3","19","28"
"000000020067","1","2019","3","19","9"
"000000015011","0","2019","3","19","2"
